3 0 1 2
3 3 4 5
3 2 6 7
3 0 8 1
3 6 2 1
3 9 7 6
3 9 6 10
3 9 10 11
3 11 3 5
3 11 10 3
3 12 13 14
3 12 14 15
3 15 16 17
3 15 17 12
3 18 19 13
3 18 13 17
3 13 19 20
3 13 20 14
3 21 22 20
3 21 20 23
3 21 23 16
3 17 13 12
3 16 23 18
3 16 18 17
3 23 20 19
3 23 19 18
3 14 20 22
3 24 25 26
3 14 27 28
3 14 28 16
3 29 30 31
3 32 33 34
3 32 34 30
3 32 24 35
3 36 37 38
3 36 38 39
3 36 40 24
3 41 42 43
3 37 44 29
3 14 45 46
3 44 47 29
3 48 49 27
3 29 31 50
3 51 37 52
3 28 53 16
3 54 38 37
3 36 39 55
3 43 53 28
3 45 56 46
3 24 26 36
3 51 52 49
3 14 16 15
3 51 49 48
3 43 42 53
3 36 55 40
3 50 54 37
3 35 24 40
3 29 47 25
3 29 25 24
3 57 58 59
3 14 46 48
3 37 36 41
3 37 41 52
3 29 24 32
3 29 32 30
3 48 27 14
3 41 36 42
3 29 50 37
3 38 34 33
3 38 33 39
3 16 53 57
3 16 57 59
3 60 8 0
3 2 7 61
3 62 63 64
3 65 66 67
3 65 67 68
3 69 70 57
3 71 22 72
3 71 72 73
3 74 75 76
3 74 76 77
3 2 61 78
3 10 79 3
3 80 81 82
3 80 82 83
3 84 85 86
3 84 86 70
3 87 60 0
3 71 56 45
3 87 88 89
3 87 89 60
3 90 91 92
3 90 92 93
3 10 6 94
3 10 94 79
3 63 78 61
3 63 61 95
3 96 80 83
3 96 83 97
3 98 84 70
3 98 70 69
3 99 100 101
3 102 103 104
3 73 72 105
3 73 105 106
3 91 107 108
3 91 108 92
3 109 110 111
3 109 111 112
3 66 113 114
3 66 114 67
3 115 69 53
3 116 102 117
3 37 74 118
3 37 118 44
3 119 2 120
3 121 122 123
3 121 123 124
3 83 64 97
3 0 2 119
3 106 105 94
3 4 125 126
3 109 9 11
3 112 64 95
3 121 79 122
3 59 58 127
3 103 102 116
3 104 71 73
3 104 73 102
3 16 127 21
3 126 128 67
3 126 67 114
3 123 72 22
3 123 22 21
3 129 91 90
3 130 88 131
3 130 131 99
3 56 104 103
3 56 103 46
3 1 94 6
3 69 57 53
3 81 80 93
3 132 100 120
3 132 120 62
3 97 64 133
3 68 67 128
3 68 128 90
3 88 87 119
3 88 119 131
3 75 48 134
3 116 117 60
3 26 108 107
3 26 107 36
3 96 66 65
3 96 65 80
3 57 70 86
3 57 86 58
3 135 76 136
3 135 136 89
3 137 118 74
3 137 74 77
3 64 132 62
3 5 126 114
3 133 64 111
3 113 11 5
3 5 4 126
3 125 85 84
3 2 78 120
3 71 45 14
3 110 138 133
3 110 133 111
3 91 129 115
3 91 115 107
3 139 135 130
3 134 46 103
3 0 119 87
3 125 121 85
3 79 94 105
3 79 105 122
3 85 121 124
3 120 100 131
3 120 131 119
3 46 134 48
3 135 77 76
3 127 58 86
3 110 109 11
3 140 141 101
3 140 101 142
3 82 64 83
3 126 125 84
3 99 131 100
3 102 106 117
3 139 137 77
3 139 77 135
3 115 53 42
3 65 68 93
3 138 11 113
3 69 115 129
3 69 129 98
3 1 106 94
3 22 71 14
3 1 8 117
3 1 117 106
3 85 124 127
3 85 127 86
3 109 61 7
3 109 7 9
3 75 74 37
3 80 65 93
3 60 117 8
3 138 110 11
3 142 101 100
3 142 100 132
3 113 66 96
3 113 96 138
3 36 107 42
3 60 89 136
3 60 136 116
3 51 75 37
3 139 101 141
3 84 98 128
3 84 128 126
3 61 109 112
3 61 112 95
3 68 90 93
3 64 142 132
3 56 71 104
3 102 73 106
3 64 140 142
3 79 121 3
3 111 64 112
3 120 78 63
3 120 63 62
3 114 113 5
3 64 63 95
3 136 76 75
3 136 75 134
3 134 103 116
3 134 116 136
3 16 59 127
3 121 125 4
3 121 4 3
3 138 96 97
3 138 97 133
3 124 123 21
3 124 21 127
3 135 89 88
3 135 88 130
3 48 75 51
3 139 130 99
3 128 98 129
3 128 129 90
3 122 105 72
3 122 72 123
3 107 115 42
3 139 99 101
3 143 144 145
3 146 144 143
3 147 148 149
3 150 151 146
3 92 108 152
3 92 152 148
3 149 148 153
3 154 137 155
3 147 92 148
3 146 151 144
3 156 152 108
3 156 108 26
3 144 151 118
3 144 118 137
3 157 92 147
3 148 152 158
3 155 137 139
3 145 144 137
3 44 118 151
3 44 151 150
3 153 148 158
3 158 152 156
3 145 137 154
3 93 92 157
3 158 156 26
3 154 155 159
3 143 145 160
3 161 157 147
3 160 146 143
3 44 150 146
3 160 44 146
3 145 154 160
3 158 26 162
3 153 158 162
3 162 161 147
3 154 159 160
3 162 149 153
3 162 147 149
3 141 140 82
3 141 82 81
3 139 141 81
3 139 81 93
3 140 64 82
3 160 162 26
3 160 26 44
3 44 26 25
3 44 25 47
3 161 162 160
3 161 160 159
3 159 155 157
3 159 157 161
3 93 157 155
3 93 155 139
3 163 164 165
3 166 167 168
3 166 168 169
3 170 171 172
3 170 172 173
3 174 170 173
3 174 173 175
3 176 166 169
3 176 169 177
3 163 165 178
3 179 180 181
3 179 181 182
3 183 178 184
3 183 184 180
3 185 186 187
3 188 189 174
3 188 174 190
3 189 191 170
3 189 170 174
3 185 192 186
3 178 165 193
3 178 193 184
3 194 183 180
3 194 180 179
3 163 178 183
3 195 176 177
3 195 177 196
3 190 174 175
3 190 175 197
3 173 172 198
3 186 192 167
3 186 167 166
3 184 193 199
3 184 199 200
3 201 194 179
3 201 179 202
3 203 195 196
3 203 196 204
3 205 187 176
3 205 176 195
3 197 175 198
3 206 207 208
3 206 208 171
3 185 209 210
3 164 201 202
3 164 202 211
3 180 184 200
3 180 200 181
3 187 186 166
3 187 166 176
3 175 173 198
3 191 206 171
3 191 171 170
3 185 210 192
3 165 164 211
3 165 211 193
3 163 183 194
3 185 205 209
3 207 212 213
3 207 213 208
3 213 190 197
3 213 197 214
3 172 215 198
3 192 210 216
3 192 216 167
3 193 211 217
3 193 217 199
3 163 194 201
3 216 203 204
3 216 204 218
3 208 213 214
3 208 214 215
3 214 197 198
3 171 208 215
3 171 215 172
3 167 216 218
3 167 218 168
3 163 201 164
3 211 202 219
3 211 219 217
3 210 209 203
3 210 203 216
3 215 214 198
3 212 188 190
3 212 190 213
3 185 187 205
3 209 205 195
3 209 195 203
3 202 179 182
3 202 182 219
3 220 221 222
3 220 222 223
3 224 225 226
3 224 226 227
3 228 229 230
3 228 230 231
3 232 233 234
3 232 234 235
3 236 237 238
3 236 238 239
3 240 239 241
3 240 241 242
3 243 244 245
3 243 245 246
3 247 248 249
3 247 249 250
3 251 252 253
3 251 253 254
3 255 256 257
3 255 257 258
3 259 260 233
3 259 233 232
3 239 238 261
3 239 261 241
3 244 262 263
3 244 263 245
3 246 245 264
3 246 264 265
3 263 266 248
3 263 248 247
3 267 268 252
3 267 252 251
3 269 270 271
3 269 271 260
3 272 269 260
3 272 260 259
3 273 267 251
3 273 251 237
3 245 263 247
3 245 247 264
3 265 264 274
3 265 274 275
3 262 276 266
3 262 266 263
3 238 254 277
3 238 277 261
3 260 271 255
3 260 255 233
3 271 231 256
3 271 256 255
3 254 253 278
3 254 278 277
3 276 279 220
3 276 220 266
3 222 265 275
3 222 275 280
3 226 236 239
3 226 239 240
3 281 273 237
3 281 237 236
3 282 272 259
3 282 259 283
3 284 285 286
3 284 286 287
3 227 226 240
3 227 240 288
3 223 222 280
3 223 280 289
3 279 290 221
3 279 221 220
3 253 288 291
3 253 291 278
3 231 230 284
3 231 284 256
3 285 232 235
3 285 235 286
3 230 283 285
3 230 285 284
3 288 240 242
3 288 242 291
3 290 243 246
3 290 246 221
3 248 223 289
3 248 289 249
3 252 227 288
3 252 288 253
3 256 284 287
3 256 287 257
3 283 259 232
3 283 232 285
3 229 282 283
3 229 283 230
3 225 281 236
3 225 236 226
3 221 246 265
3 221 265 222
3 266 220 223
3 266 223 248
3 268 224 227
3 268 227 252
3 270 228 231
3 270 231 271
3 233 255 258
3 233 258 234
3 237 251 254
3 237 254 238
3 264 247 250
3 264 250 274
3 250 249 292
3 250 292 293
3 294 295 282
3 294 282 229
3 38 54 296
3 38 296 297
3 298 299 35
3 298 35 40
3 300 301 49
3 300 49 52
3 291 242 302
3 291 302 299
3 296 303 270
3 296 270 269
3 261 277 304
3 261 304 305
3 289 280 306
3 289 306 307
3 301 293 27
3 301 27 49
3 31 30 294
3 31 294 308
3 50 31 308
3 50 308 303
3 302 309 33
3 302 33 32
3 280 275 300
3 280 300 306
3 277 278 298
3 277 298 304
3 295 297 272
3 295 272 282
3 309 305 39
3 309 39 33
3 292 307 43
3 292 43 28
3 299 302 32
3 299 32 35
3 54 50 303
3 54 303 296
3 308 294 229
3 308 229 228
3 274 250 293
3 274 293 301
3 307 306 41
3 307 41 43
3 305 304 55
3 305 55 39
3 34 38 297
3 34 297 295
3 304 298 40
3 304 40 55
3 306 300 52
3 306 52 41
3 242 241 309
3 242 309 302
3 303 308 228
3 303 228 270
3 241 261 305
3 241 305 309
3 249 289 307
3 249 307 292
3 293 292 28
3 293 28 27
3 30 34 295
3 30 295 294
3 297 296 269
3 297 269 272
3 278 291 299
3 278 299 298
3 275 274 301
3 275 301 300
3 200 199 276
3 200 276 262
3 286 235 188
3 286 188 212
3 219 182 243
3 219 243 290
3 234 258 191
3 234 191 189
3 217 219 290
3 217 290 279
3 258 257 206
3 258 206 191
3 199 217 279
3 199 279 276
3 257 287 207
3 257 207 206
3 168 218 224
3 168 224 268
3 182 181 244
3 182 244 243
3 235 234 189
3 235 189 188
3 181 200 262
3 181 262 244
3 196 177 273
3 196 273 281
3 204 196 281
3 204 281 225
3 177 169 267
3 177 267 273
3 218 204 225
3 218 225 224
3 169 168 268
3 169 268 267
3 287 286 212
