-4.999492 -0.68171 0.569242
-4.999759 -0.491153 0.805206
-5.349476 -0.470935 0.566062
-4.999759 0.491153 0.805206
-4.906714 0.620194 0.686502
-4.999492 0.68171 0.569242
-5.299752 -0.147914 0.811038
-5.568033 -0.1192 0.568687
-4.906714 -0.620194 0.686502
-5.568033 0.1192 0.568687
-5.299752 0.147914 0.811038
-5.349476 0.470935 0.566062
7.043714 0.0 4.157199
6.614015 -0.063428 4.157199
4.998233 -0.130896 1.1931
5.759114 0.0 1.6645
4.998233 0.130896 1.1931
6.614015 0.063428 4.157199
5.942016 0.012019 4.157199
5.942016 -0.012019 4.157199
3.093016 -0.040804 1.2763
3.070224 0.119728 0.996443
3.070224 -0.119728 0.996443
3.093016 0.040804 1.2763
5.171283 1.310384 -1.055942
6.130317 1.100022 -1.106943
5.000295 1.302926 -1.259946
4.998497 -0.252327 1.074635
4.998497 0.252304 1.074648
5.171283 -1.310384 -1.055942
5.151606 -0.31047 -0.905003
5.151601 -0.815102 -0.904963
5.151606 0.31047 -0.905003
5.09093 0.058113 -0.472183
5.09093 -0.058113 -0.472183
5.151601 0.815102 -0.904963
5.000295 1.210004 0.173074
5.000295 -1.210004 0.173074
5.030259 -0.310424 -0.039389
5.030259 0.310424 -0.039389
5.090927 1.067391 -0.472156
4.997031 0.25235 0.200598
5.000295 1.428028 0.442095
4.997765 0.504639 0.637636
5.000295 -1.302926 -1.259946
5.000295 -0.539011 1.315104
5.000295 -1.149023 1.260104
6.130317 -1.100022 -1.106943
5.000295 -1.51003 0.750093
4.997764 -0.504639 0.63761
5.090927 -1.067391 -0.472156
5.000295 -1.428028 0.442095
4.997031 -0.252281 0.200558
5.000295 1.51003 0.750093
5.030257 -0.815056 -0.039376
5.030257 0.815056 -0.039376
5.000295 -0.874017 1.399122
5.000295 1.149023 1.260104
5.000295 0.874017 1.399122
5.000295 0.539011 1.315104
-4.649417 -0.860391 0.497003
-6.499984 -0.098825 0.133439
-7.074984 -0.304058 -0.264426
-7.074984 -0.139529 -0.169387
-7.649984 0.0 -0.62
-5.3488 0.938377 -0.030175
-5.349121 0.814175 0.247113
-4.99924 0.870266 0.347384
-4.999902 1.012545 0.09453
3.070224 0.959007 0.650256
3.070224 0.866525 0.73069
3.070224 -0.449143 0.929434
1.208789 -0.130179 0.996071
1.208789 -0.467365 0.922276
3.070224 -1.053631 0.163277
3.070224 -1.053627 0.449897
1.208789 -1.054148 0.411073
1.208789 -1.060728 0.20382
-6.499984 -0.24 0.1096
-4.999948 0.16072 0.980689
-6.499984 0.676 -0.4335
-6.499931 0.693962 -0.748535
-7.074957 0.40345 -0.684268
-7.074984 0.393008 -0.495246
1.208789 0.875165 0.685964
1.208789 0.621528 0.854704
3.070224 0.604752 0.872464
-4.999321 -0.802315 0.416133
-4.99924 -0.870266 0.347384
-4.649345 -0.922345 0.432259
-4.649089 1.039587 0.209476
1.208789 1.060728 0.20382
1.209237 1.080021 -0.636414
-4.999902 1.00002 -0.943979
-4.999948 -0.16072 0.980689
-7.074984 -0.057454 -0.155083
-6.499984 0.61 -0.1648
-7.074984 0.354637 -0.334026
1.208789 0.958092 0.610367
-5.3488 -0.938377 -0.030175
-6.499984 -0.61 -0.1648
-6.499984 -0.676 -0.4335
1.208789 -0.621528 0.854704
3.070224 -0.866525 0.73069
3.070224 -0.604752 0.872464
-4.649964 -0.160748 0.9945
-4.649856 -0.51467 0.885149
3.070224 1.053631 0.163277
2.983248 1.080021 -0.880639
-6.499984 0.098825 0.133439
-6.499984 0.24 0.1096
-7.074984 0.139529 -0.169387
-7.074984 0.057454 -0.155083
-5.349205 0.737229 0.323968
-4.999321 0.802315 0.416133
3.070224 1.053627 0.449897
1.208789 -0.875165 0.685964
-4.649708 -0.652575 0.75355
2.983248 -1.080021 -0.880639
-5.349205 -0.737229 0.323968
-6.499984 -0.523 -0.0488
-4.649856 0.51467 0.885149
-4.649964 0.160748 0.9945
1.208789 0.130179 0.996071
1.208789 0.467365 0.922276
-4.649708 0.652575 0.75355
-4.649417 0.860391 0.497003
3.070224 0.449143 0.929434
-4.649345 0.922345 0.432259
1.208789 1.054148 0.411073
-4.999902 -1.012545 0.09453
-5.349121 -0.814175 0.247113
-7.074984 -0.354637 -0.334026
-7.074984 0.304058 -0.264426
3.070224 -0.959007 0.650256
-4.649089 -1.039587 0.209476
1.208789 -0.958092 0.610367
1.209237 -1.080021 -0.636414
-6.499984 0.523 -0.0488
-4.999902 -1.00002 -0.943979
-7.074957 -0.40345 -0.684268
-6.499931 -0.693962 -0.748535
-7.074984 -0.393008 -0.495246
3.180259 -4.55009 -0.921939
3.038248 -4.334102 -0.811319
2.70025 -4.334102 -0.94794
3.804262 -4.6821 -0.93896
0.840214 2.480049 -1.050312
3.038248 4.334102 -0.811319
2.70025 4.334102 -0.94794
4.400283 -4.6821 -0.95294
3.739287 -4.334102 -0.876958
3.739287 4.334102 -0.876958
3.180259 4.55009 -0.921939
0.840214 -2.480049 -1.050312
0.169216 -1.990039 -1.063281
4.400283 4.6821 -0.95294
0.169216 1.990039 -1.063281
3.804262 4.6821 -0.93896
1.209237 -1.080021 -1.321617
2.983248 -1.080021 -1.351649
1.209237 1.080021 -1.321617
2.983248 1.080021 -1.351649
5.444824 0.0 0.63686
5.597437 0.195729 0.636614
5.597722 0.097858 0.806113
5.919039 0.722663 -0.076386
5.957492 0.882595 -0.350685
6.245809 0.915701 -0.310265
6.203376 0.739216 -0.007574
5.957492 -0.882595 -0.350685
5.995947 -0.722692 -0.625
5.708329 -0.660628 -0.556788
5.684796 -0.75848 -0.38892
5.919039 -0.722663 -0.076386
5.661264 -0.66061 -0.221062
5.91904 0.402825 -0.076394
6.203377 0.386271 -0.007583
5.597722 -0.097867 0.806108
5.872335 -0.159897 0.359136
5.8728 -0.319843 0.636142
6.163937 -0.35295 0.635654
6.163424 -0.176448 0.329975
5.597437 -0.195729 0.636604
5.873264 -0.159926 0.913131
5.533661 0.562752 -0.410117
5.661264 0.66061 -0.221062
5.661265 0.464884 -0.221067
6.203377 -0.386271 -0.007583
6.203376 -0.739216 -0.007574
5.91904 -0.402825 -0.076394
6.245809 -0.915701 -0.310265
5.684796 0.75848 -0.38892
5.873265 0.159912 0.91314
5.597153 -0.09785 0.46709
5.957494 0.242908 -0.350702
6.245811 0.209802 -0.310283
5.661265 -0.464884 -0.221067
5.533661 -0.562752 -0.410117
6.16445 0.176464 0.941323
6.16445 -0.17648 0.941314
5.597153 0.097876 0.467105
5.872335 0.159941 0.359162
5.995951 0.402854 -0.625025
6.288249 0.386303 -0.613002
5.684797 0.367023 -0.38893
6.288245 -0.739248 -0.612975
6.288249 -0.386303 -0.613002
5.995951 -0.402854 -0.625025
5.708331 0.464902 -0.556803
5.708329 0.660628 -0.556788
5.8728 0.319843 0.636159
6.245811 -0.209802 -0.310283
5.957494 -0.242908 -0.350702
5.684797 -0.367023 -0.38893
5.708331 -0.464902 -0.556803
5.995947 0.722692 -0.625
6.163937 0.35295 0.635673
6.288245 0.739248 -0.612975
6.163424 0.176496 0.330003
5.773065 0.390779 0.63633
5.772497 0.195413 0.297899
5.444806 0.153631 0.370806
5.445252 0.307224 0.636875
6.299025 0.780442 -0.6835
6.299029 0.34512 -0.683534
5.90571 0.367392 -0.699712
5.905705 0.758165 -0.699682
5.296154 -0.649239 -0.594654
5.296155 -0.476288 -0.594668
5.571025 -0.409163 -0.673559
5.571022 -0.716382 -0.673535
5.811742 -0.367356 -0.029404
5.81174 -0.758129 -0.029394
6.194347 -0.780403 0.063202
6.194348 -0.345081 0.063191
5.858724 0.171973 -0.364548
5.811742 0.367356 -0.029404
5.497149 0.409135 -0.146573
5.534085 0.255527 -0.410058
5.571025 0.409163 -0.673559
5.275361 0.389797 -0.446328
5.296155 0.476288 -0.594668
6.164188 -0.217631 0.258628
6.164821 -0.435329 0.635652
5.773065 -0.390779 0.63631
5.772497 -0.19536 0.297868
5.445698 -0.153617 0.90292
5.445698 0.153603 0.902928
5.184248 0.086472 0.787083
5.184248 -0.08648 0.787078
5.81174 0.758129 -0.029394
5.858722 0.95353 -0.364528
5.534083 0.869976 -0.410042
5.497147 0.716354 -0.146565
5.858722 -0.95353 -0.364528
5.905705 -0.758165 -0.699682
6.299025 -0.780442 -0.6835
6.246684 -0.99808 -0.310138
5.497149 -0.409135 -0.146573
5.497147 -0.716354 -0.146565
5.254566 0.476272 -0.297997
6.165453 -0.217671 1.012654
5.773632 -0.195395 0.97473
5.445252 -0.307224 0.636859
5.444806 -0.153589 0.370782
5.773632 0.195378 0.97474
6.194347 0.780403 0.063202
6.246684 0.99808 -0.310138
5.254566 -0.649223 -0.297993
5.275359 -0.735706 -0.446319
5.534083 -0.869976 -0.410042
5.254566 -0.476272 -0.297997
6.194348 0.345081 0.063191
5.183997 -0.172954 0.637297
5.183746 -0.086464 0.487507
6.165453 0.217651 1.012665
5.254566 0.649223 -0.297993
5.275359 0.735706 -0.446319
6.164821 0.435329 0.635675
5.183746 0.086488 0.487521
6.246687 0.127423 -0.310161
5.275361 -0.389797 -0.446328
5.534085 -0.255527 -0.410058
5.90571 -0.367392 -0.699712
5.858724 -0.171973 -0.364548
6.246687 -0.127423 -0.310161
6.299029 -0.34512 -0.683534
5.571022 0.716382 -0.673535
5.183997 0.172954 0.637307
6.164188 0.217691 0.258662
5.296154 0.649239 -0.594654
5.166102 0.159236 0.913155
5.166101 -0.15925 0.913146
5.295474 -0.40353 -0.722041
5.25718 -0.24426 -0.448877
5.218887 -0.721987 -0.175721
5.218888 -0.403501 -0.175729
5.257178 0.881243 -0.44886
5.29547 0.722016 -0.722016
5.165176 -0.159221 0.361493
5.165639 -0.318491 0.637328
5.295474 0.40353 -0.722041
5.257178 -0.881243 -0.44886
5.218887 0.721987 -0.175721
5.218888 0.403501 -0.175729
5.165176 0.159265 0.361518
5.165639 0.318491 0.637345
5.29547 -0.722016 -0.722016
5.25718 0.24426 -0.448877
