3.319765 0.2856645 7.265213
3.319765 0.309617 7.329462
3.436795 0.2970031 7.333588
3.436898 0.2804405 7.279186
3.319765 0.08673972 7.758347
3.319765 -1.668808e-08 7.758347
3.436562 -1.668808e-08 7.739872
3.436562 0.08673972 7.739872
3.319765 -1.668808e-08 6.94642
3.319765 0.08673972 6.94642
3.438008 0.08673972 6.973827
3.438008 -1.668808e-08 6.973827
3.439225 0.07831408 7.037807
3.439225 0.1451719 7.061051
3.439225 0.1661477 7.078888
3.439225 0.2006878 7.135588
3.439225 0.1978501 7.215407
3.439225 0.1637495 7.285888
3.439225 -1.668808e-08 7.298776
3.439225 -1.668808e-08 7.040854
3.319765 0.2721454 7.608016
3.436461 0.2721454 7.602736
3.436398 0.2968722 7.501866
3.319765 0.2968722 7.501961
3.43766 0.2577321 7.120836
3.319765 0.2577321 7.096749
3.319765 0.2643802 7.176943
3.437496 0.2626296 7.199271
3.319765 0.1732621 7.728284
3.436538 0.1732621 7.710453
3.436517 0.2103501 7.681026
3.319765 0.2103501 7.698213
3.436523 0.306994 7.402102
3.319765 0.3143801 7.402534
3.437937 0.1703801 7.003223
3.319765 0.1703801 6.976482
3.319765 0.2045844 7.006553
3.437865 0.2045844 7.032629
3.151782 -1.668808e-08 6.90745
3.151782 0.08673972 6.90745
3.151782 0.08673972 7.764482
3.151782 -1.668808e-08 7.764482
3.151782 0.1732621 7.732749
3.151782 0.2103501 7.701008
3.151782 0.2721454 7.605802
3.151782 0.2968722 7.504387
3.278189 0.3215913 7.362092
3.151782 0.3215913 7.36364
3.151782 0.304293 7.24994
3.151782 0.2577321 7.066131
3.151782 0.283009 7.150781
3.151782 0.2045844 6.970925
3.151782 0.1703801 6.939182
2.985794 0.2045844 6.93983
2.985794 0.2577321 7.03795
2.985794 0.1703801 6.907114
2.985794 0.08673972 6.874331
2.985794 -1.668808e-08 6.874331
2.985794 0.08673972 7.768905
2.985794 -1.668808e-08 7.768905
2.985794 0.1732621 7.738231
2.985794 0.2103501 7.705551
2.985794 0.2721454 7.607533
2.985794 0.2968722 7.508234
3.002752 0.4385919 7.454382
3.002752 0.4368022 7.464632
3.097631 0.4052708 7.457155
3.097636 0.4070738 7.446965
2.985794 0.304293 7.234702
2.985794 0.3215913 7.36679
2.985794 0.283009 7.125099
2.794751 0.4385909 7.455356
2.794751 0.4368011 7.465496
2.939117 0.4026442 7.459257
2.939113 0.4044236 7.448951
2.916501 0.2956454 7.160221
2.777894 0.2956454 7.143325
2.777894 0.3215913 7.367979
2.777894 0.2577321 7.00396
2.777894 0.2045844 6.900542
2.777894 0.1703801 6.866563
2.777894 0.08673972 6.832107
2.777894 -1.668808e-08 6.832107
2.777894 0.08673972 7.775689
2.777894 -1.668808e-08 7.775689
2.777894 0.1732621 7.742055
2.777894 0.2103501 7.708409
2.777894 0.2721454 7.607495
2.777894 0.2968722 7.508262
2.589953 0.2103501 7.714397
2.589953 0.1732621 7.748042
2.589953 0.2721454 7.613482
2.589953 0.2968722 7.510258
2.576878 0.4385954 7.45611
2.576878 0.4368035 7.466464
2.731112 0.4022611 7.459758
2.731121 0.4040889 7.449615
2.589953 0.2956454 7.134448
2.589953 0.3215913 7.367786
2.589953 0.2577321 6.989173
2.589953 0.2045844 6.880219
2.589953 0.1703801 6.846064
2.589953 0.08673972 6.811197
2.589953 -1.668808e-08 6.811197
2.589953 0.08673972 7.781677
2.589953 -1.668808e-08 7.781677
2.302219 0.08673972 7.785312
2.302219 -1.668808e-08 7.781841
2.302219 0.1732621 7.752034
2.302219 0.2103501 7.718389
2.302219 0.2721454 7.616769
2.302219 0.2968722 7.514649
2.319138 0.4386131 7.459506
2.319138 0.4368091 7.470018
2.512447 0.4012238 7.46102
2.512451 0.4030494 7.450644
2.302219 0.2956454 7.110641
2.302219 0.3215913 7.370821
2.302219 0.2577321 6.960707
2.302219 0.2045844 6.84688
2.384049 0.1703801 6.806873
2.302219 0.08673972 6.77201
2.302219 -1.668808e-08 6.77201
1.962594 0.3500054 6.776726
1.880764 0.3482852 6.853443
1.880764 0.3382155 6.69763
1.880764 -1.668808e-08 6.69763
1.880764 0.08673972 7.787394
1.880764 -1.668808e-08 7.787394
1.880764 0.1732621 7.751158
1.880764 0.2103501 7.714713
1.880764 0.2721454 7.626048
1.880764 0.2968722 7.51949
1.905991 0.4386107 7.464927
1.905991 0.4368067 7.475324
2.048385 0.4028559 7.467666
2.048383 0.4046533 7.457184
1.880764 0.2956454 7.068165
1.880764 0.3215913 7.376847
1.880764 0.2577321 6.950326
3.498768 -1.668808e-08 7.703747
3.498768 0.07993936 7.703747
3.471119 0.0844731 7.723499
3.471119 -1.668808e-08 7.723499
3.471109 0.1665865 7.695751
3.498768 0.1532328 7.679114
3.471099 0.2002082 7.669231
3.498768 0.1799219 7.658182
3.471075 0.2593399 7.595272
3.498768 0.2337252 7.582222
3.471047 0.2831192 7.499699
3.498768 0.2556098 7.495396
3.471102 0.290866 7.402871
3.498768 0.2612306 7.404563
3.471223 0.279764 7.337839
3.498768 0.2497353 7.344887
3.498768 0.237184 7.296036
3.471268 0.2654102 7.286442
3.471535 0.2483389 7.207523
3.498768 0.2203613 7.216282
3.471607 0.2440722 7.131986
3.498768 0.2167475 7.145965
3.471525 0.194046 7.049058
3.498768 0.1725537 7.07342
3.471235 0.1636353 7.022549
3.498768 0.1493731 7.053708
3.471123 0.08451065 6.994704
3.498768 0.07971835 7.029491
3.498768 -1.668808e-08 7.029491
3.471196 -1.668808e-08 6.994798
3.498768 0.1791145 7.296272
3.498768 0.2107403 7.218458
3.498768 0.2228928 7.342234
3.498768 0.2447912 7.40323
3.498768 0.250108 7.49454
3.498768 0.2260408 7.578682
3.498768 0.2416464 7.516769
3.498768 0.1738358 7.652387
3.498768 0.1492272 7.671687
3.498768 0.0785795 7.695431
3.498768 -1.668808e-08 7.695774
3.498768 -1.668808e-08 7.040854
3.498768 0.07831408 7.037807
3.498768 0.1451719 7.061051
3.498768 0.1661477 7.078888
3.498768 0.2112822 7.147651
3.498768 0.2006878 7.135588
3.498768 0.228752 7.407033
3.498768 -1.668808e-08 7.31543
3.498768 0.1658189 7.306428
3.498768 0.2084499 7.351186
3.498768 0.169209 7.29793
3.498768 0.1749445 7.303951
3.498768 0.1609034 7.298349
3.498768 0.172671 7.290369
3.498768 0.1637495 7.285888
3.498768 0.2085503 7.148495
3.498768 0.2473576 7.494112
3.498768 -1.668808e-08 7.307103
3.498768 -1.668808e-08 7.298776
3.498768 0.2061018 7.21736
3.498768 0.1978501 7.215407
3.498768 0.2156711 7.346709
3.498768 0.2368985 7.405101
3.151871 0.3440618 7.512605
2.985884 0.3440618 7.516452
3.151871 0.3687811 7.371859
2.985884 0.3687811 7.375009
2.777984 0.3687811 7.376197
2.590042 0.3687811 7.376005
2.302309 0.3687811 7.379039
1.880854 0.3687811 7.385066
1.880854 0.3440618 7.527709
2.302309 0.3440618 7.522867
2.590042 0.3440618 7.518476
2.777984 0.3440618 7.51648
3.143572 0.3536873 7.506031
2.9859 0.353686 7.509687
2.777999 0.3536977 7.509717
2.560121 0.3536762 7.511709
2.302324 0.3536633 7.516099
2.095755 0.3536651 7.518472
1.889186 0.3536673 7.520844
1.889186 0.3755612 7.39457
2.095755 0.3755633 7.391616
2.302324 0.3755649 7.388661
2.560121 0.3755522 7.385625
2.777999 0.3755305 7.385814
2.9859 0.3755421 7.384627
3.143572 0.3755411 7.381636
2.254769 0.4029025 7.465021
2.254767 0.4047038 7.454475
2.11256 0.4386168 7.462207
2.11256 0.4368096 7.47267
3.126939 0.3565525 7.490028
3.002532 0.3565636 7.492915
3.126939 0.372676 7.398337
3.002532 0.3726649 7.400696
2.969268 0.3565688 7.493309
2.794631 0.3565646 7.493332
2.969268 0.3726593 7.401103
2.794631 0.3726638 7.402102
2.761368 0.3565485 7.493483
2.576752 0.3565551 7.495175
2.761368 0.3726805 7.402185
2.576752 0.3726731 7.40202
2.543488 0.3564991 7.4956
2.318956 0.3565007 7.499425
2.543488 0.3727291 7.402212
2.318956 0.3727275 7.404855
2.112387 0.3727436 7.407771
2.285693 0.3727381 7.405291
2.112387 0.3564848 7.501888
2.285693 0.3564903 7.499899
2.079123 0.3565046 7.502274
1.905818 0.3564985 7.504264
2.079123 0.3727235 7.408243
1.905818 0.3727296 7.410723
3.126992 0.3868025 7.400813
3.127018 0.3909844 7.418431
3.127018 0.3806215 7.477361
3.126992 0.370679 7.492504
3.002629 0.4051495 7.406341
3.01819 0.3733945 7.410304
3.01819 0.3601538 7.486139
3.0183 0.3967196 7.492494
3.018361 0.4212852 7.470591
3.018361 0.425658 7.445549
3.0183 0.4099683 7.41666
3.002629 0.389048 7.498561
2.969275 0.3867856 7.403582
2.969279 0.3909883 7.421206
2.969279 0.3806159 7.480643
2.969275 0.3706951 7.495788
2.794684 0.4051477 7.407751
2.810279 0.3733995 7.411712
2.810279 0.3601903 7.486563
2.810338 0.396773 7.492925
2.810371 0.4213169 7.471313
2.810371 0.42567 7.446648
2.810339 0.4100071 7.418078
2.794684 0.3890485 7.498981
2.761378 0.3868075 7.404655
2.761383 0.3909767 7.422268
2.761383 0.3806326 7.48081
2.761378 0.3706756 7.495954
2.576808 0.4051588 7.407661
2.5924 0.3734355 7.411633
2.5924 0.3601525 7.488399
2.592464 0.3967019 7.494744
2.592498 0.4212947 7.472561
2.592498 0.4256889 7.447165
2.592463 0.4099793 7.417977
2.576808 0.3890408 7.500815
2.543524 0.386862 7.404653
2.543541 0.3910793 7.422259
2.543541 0.3805451 7.482874
2.543523 0.370632 7.49804
2.319037 0.4052182 7.410466
2.334611 0.3734905 7.41446
2.334611 0.3600766 7.492638
2.334702 0.3965983 7.498943
2.334752 0.4212653 7.476314
2.334752 0.4257142 7.450381
2.334702 0.4100015 7.420765
2.319037 0.3889914 7.505035
2.12804 0.3734992 7.417373
2.12804 0.3600716 7.495101
2.128127 0.3965988 7.501402
2.128175 0.4212696 7.478898
2.128175 0.4257198 7.453135
2.128127 0.4100293 7.423674
2.285723 0.3706243 7.502334
2.112464 0.3889765 7.507493
2.285723 0.3868715 7.407725
2.285739 0.3911221 7.425335
2.285739 0.3805052 7.487158
2.112464 0.4052354 7.413375
2.079154 0.3868559 7.410688
2.07917 0.3910936 7.4283
2.07917 0.3805285 7.489551
2.079154 0.3706364 7.504719
1.905895 0.4052198 7.416338
1.921471 0.3734788 7.420326
1.921471 0.3600911 7.49748
1.921557 0.3966287 7.503794
1.921606 0.4212754 7.481471
1.921606 0.4257076 7.455927
1.921557 0.4100237 7.426642
1.905895 0.3889882 7.509878
3.002702 0.4151951 7.49255
3.117222 0.3863158 7.484942
3.107424 0.3948929 7.476141
3.002727 0.4251056 7.483713
2.794724 0.4151951 7.493082
2.959228 0.3854588 7.487873
2.949173 0.3931627 7.478716
2.794738 0.4251051 7.484357
2.57685 0.4151901 7.494697
2.751291 0.3853031 7.488091
2.741196 0.3928695 7.478992
2.576864 0.4251028 7.485755
2.319098 0.4151573 7.498736
2.533176 0.3849303 7.489972
2.522808 0.3921653 7.480682
2.319118 0.4250835 7.489631
2.112522 0.4151464 7.50124
2.275418 0.3854932 7.494223
2.265093 0.3932991 7.484892
2.112541 0.4250763 7.492183
1.905953 0.4151542 7.503697
2.06891 0.3854865 7.496676
2.058647 0.3932735 7.48741
1.905972 0.42508 7.494706
3.117226 0.3988686 7.413626
3.002702 0.4277197 7.420819
3.002727 0.4340513 7.432478
3.107431 0.4038731 7.425203
2.959223 0.3979656 7.416095
2.794724 0.4277173 7.422121
2.794738 0.4340492 7.433671
2.949164 0.4020845 7.427373
2.751299 0.3978852 7.417084
2.57685 0.4277273 7.422238
2.576864 0.4340582 7.434
2.741212 0.4019011 7.428282
2.53318 0.3975756 7.417338
2.319098 0.4277783 7.425179
2.319118 0.4340978 7.43709
2.522816 0.4012259 7.428806
2.275416 0.3981257 7.420605
2.112522 0.4277929 7.428033
2.112541 0.4341089 7.439893
2.265089 0.4023153 7.43227
2.068908 0.3980969 7.423508
1.905953 0.4277788 7.43094
1.905972 0.4340978 7.442738
2.058643 0.4022743 7.435108
3.002556 0.3794279 7.410312
3.002666 0.4160016 7.416668
3.002674 0.4195938 7.411665
3.002556 0.3661873 7.486147
3.002674 0.4044432 7.498424
3.002666 0.4027528 7.492502
3.002743 0.4324487 7.473453
3.002727 0.4273186 7.470598
3.002743 0.4374847 7.444608
3.002727 0.4316908 7.445557
2.794645 0.3794113 7.411716
2.794705 0.4160194 7.418082
2.794709 0.4195983 7.413076
2.794645 0.3662029 7.486567
2.794709 0.4044537 7.498847
2.794705 0.4027848 7.492929
2.794746 0.4324514 7.474195
2.794738 0.4273292 7.471318
2.794746 0.4374808 7.445696
2.794738 0.4316818 7.446651
2.576767 0.3794491 7.411637
2.576829 0.415993 7.417982
2.576834 0.4195969 7.412981
2.576767 0.3661661 7.488403
2.576834 0.4044259 7.500673
2.576829 0.4027161 7.494749
2.576873 0.4324448 7.475399
2.576864 0.4273083 7.472567
2.576873 0.4374919 7.446229
2.576864 0.4317025 7.44717
2.318977 0.3795157 7.414466
2.319067 0.4160268 7.420771
2.319074 0.4196498 7.415771
2.318977 0.3661019 7.492644
2.319074 0.4043643 7.504877
2.319068 0.4026236 7.49895
2.319131 0.4324342 7.479125
2.319118 0.4272906 7.47632
2.319131 0.4375242 7.449461
2.319118 0.4317395 7.450388
2.112406 0.3795229 7.417379
2.112493 0.4160527 7.42368
2.112499 0.4196702 7.418678
2.112406 0.3660953 7.495107
2.112499 0.4043538 7.507333
2.112493 0.4026225 7.501408
2.112554 0.4324332 7.48172
2.112541 0.4272932 7.478904
2.112554 0.4375302 7.452213
2.112541 0.4317434 7.453142
1.905837 0.3795022 7.420332
1.905924 0.4160472 7.426648
1.90593 0.4196575 7.421646
1.905837 0.3661146 7.497486
1.90593 0.4043715 7.509724
1.905924 0.4026524 7.5038
1.905984 0.4324353 7.484304
1.905972 0.4272988 7.481477
1.905984 0.4375202 7.454999
1.905972 0.4317313 7.455934
0.9463777 0.2956454 7.032302
0.9463777 0.3215913 7.362224
1.433363 0.2577321 6.968163
1.433363 0.3482852 6.866719
1.053668 4.707789 6.774624
1.053668 4.705152 6.733127
0.7895846 4.64741 6.729143
0.7895846 4.650046 6.770641
0.9463777 -1.668808e-08 6.639293
1.433363 0.3382155 6.639293
1.417485 0.08673972 7.777553
1.417485 -1.668808e-08 7.777553
1.395531 0.1732621 7.738824
1.395531 0.2103501 7.699872
1.387548 0.2721454 7.605106
0.9463777 0.2968722 7.514682
1.16424 0.2671105 7.59287
1.143722 0.2721454 7.585148
1.01439 0.2295695 7.942915
1.024276 0.1963089 8.053669
1.106602 0.1968186 7.987047
0.6945693 0.2968722 7.514682
1.143722 0.2776296 7.565095
1.164512 0.2721454 7.585148
0.6945693 0.3215913 7.362224
0.6945693 0.2956454 7.032302
0.6945693 0.2577321 6.944212
0.6945693 0.3482852 6.866719
0.6945693 -1.668808e-08 6.639293
0.6945693 0.3382155 6.639293
1.026141 -1.668808e-08 8.112609
1.10558 0.178645 8.003066
1.023254 0.1781353 8.069688
1.02276 0.1081036 8.091121
-0.8053044 0.1732621 7.738824
-0.8544531 0.08673972 7.777553
-0.8544531 -1.668808e-08 7.777553
0.416444 -1.668808e-08 8.145784
0.4575362 0.1114525 8.122699
0.4575472 0.1825337 8.100054
0.1361654 0.1825337 8.023216
0.1361654 0.2010779 8.00374
-0.7430704 0.2103501 7.699872
0.4575472 0.2010779 8.080578
0.4145918 0.267194 7.633282
-0.6986867 0.2408311 7.654454
0.1534466 0.2231709 7.954001
-0.6888798 0.2576713 7.616986
0.4145918 0.2776296 7.593037
0.5809118 0.2776296 7.585053
-0.6888798 0.2968722 7.514682
-0.6888798 0.3215913 7.362224
-0.6888798 0.2956454 7.032302
-0.6888798 0.2577321 6.904295
-0.5429873 0.3482852 6.788785
-0.5429873 -1.668808e-08 6.639293
-0.5429873 0.3382155 6.759044
0.9931537 0.1119035 8.100307
0.9885548 -1.668808e-08 8.126761
0.5395973 0.2010779 8.086018
0.5395973 0.1825337 8.105493
0.9930018 0.1830989 8.077471
0.9930577 0.2015845 8.057473
-0.6888798 0.2521869 7.63704
1.122934 0.2682742 7.605577
0.9932079 0.2306856 7.945518
1.00401 0.2303583 7.945345
0.5809118 0.2721454 7.605106
0.5809118 0.2681711 7.625513
0.4145918 0.2721454 7.613091
1.014105 0.1995499 8.05537
1.014105 0.1810063 8.074846
1.00386 0.2012567 8.057301
1.00386 0.1827124 8.076777
1.013611 0.110974 8.096278
1.009276 -1.668808e-08 8.125028
1.004013 0.111517 8.099613
0.539324 0.2294611 7.976856
0.4572739 0.2294611 7.971417
-0.5429873 0.3500054 6.720811
-0.7650557 0.2045844 6.375647
-0.7650557 0.2577321 6.491157
-0.9686308 0.08673972 7.777553
-0.9686308 -1.668808e-08 7.777553
-0.9119262 0.1732621 7.738824
-0.8494164 0.2103501 7.699872
-0.7650557 0.2408311 7.654454
-0.7650557 0.2576713 7.616986
-0.7650557 0.2968722 7.514682
-0.7650557 0.3215913 7.362224
-0.7650557 0.2956454 7.032302
-1.124639 0.2448298 6.602872
-1.124639 0.2808447 7.032302
-1.124639 0.1943426 6.487362
-0.7650557 0.1703801 6.33761
-1.124639 0.1618503 6.449325
-0.7650557 0.08673972 6.3
-1.124639 0.08239789 6.411716
-0.7650557 -1.668808e-08 6.3
-1.124639 -1.668808e-08 6.411716
-1.124639 0.08239789 7.777553
-1.124639 -1.668808e-08 7.777553
-1.124639 0.164588 7.738824
-1.124639 0.1998196 7.699872
-1.124639 0.2287748 7.654455
-1.124639 0.2447717 7.616986
-1.124639 0.28201 7.514682
-1.124639 0.3054917 7.362224
0.1555905 0.2925756 6.4516
0.2317662 0.2404499 6.601501
0.2317662 -1.668808e-08 6.616592
0.1555905 -1.668808e-08 6.389126
0.1555905 0.1747314 6.389126
0.1555905 0.2583713 6.420186
0.6964443 0.9227338 6.846505
-0.4073911 0.9227338 6.779767
1.435238 0.9227338 6.846505
1.627172 0.9190543 6.833107
1.709002 0.9252797 6.767855
1.627172 0.9189612 6.688134
1.435238 0.9229761 6.629936
0.6964443 0.9229761 6.629936
-0.4073911 0.9147349 6.749403
1.55969 4.511939 6.841516
1.444134 4.515619 6.854914
1.55969 4.516104 6.80613
1.55969 4.506764 6.770214
1.444134 4.510778 6.712016
0.9993297 4.510778 6.712016
0.3928011 4.506521 6.773741
0.3928011 4.515619 6.788176
0.9993297 4.515619 6.854914
1.296032 4.707789 6.774624
1.358996 4.648042 6.799705
1.358996 4.650312 6.780424
1.358996 4.645223 6.760854
1.296032 4.705152 6.733127
0.06409398 0.2896669 6.405527
0.06409398 0.2554623 6.36749
0.1402702 0.2388527 6.587031
0.06409398 0.1718225 6.329881
0.06409398 -1.668808e-08 6.329881
0.1402702 -1.668808e-08 6.605306
-1.412372 0.2538095 7.513397
-1.412372 0.2202941 7.607146
-1.412372 0.2749424 7.37369
-1.412372 0.2527606 7.07136
-1.412372 0.220347 6.687187
-1.412372 0.174908 6.581336
-1.412372 0.1456652 6.546481
-1.412372 0.07415783 6.512017
-1.412372 -1.668808e-08 6.512017
-1.412372 0.07415783 7.754283
-1.412372 -1.668808e-08 7.754283
-1.412372 0.1481296 7.718794
-1.412372 0.1798373 7.6831
-1.412372 0.2058977 7.64148
-1.700106 0.1618535 7.66909
-1.700106 0.1333165 7.700466
-1.700106 0.1853074 7.632505
-1.700106 0.1982652 7.602324
-1.700106 0.2284285 7.519916
-1.700106 0.247448 7.397107
-1.700106 0.2274842 7.131347
-1.700106 0.1983122 6.873902
-1.700106 0.1574176 6.780855
-1.700106 0.1310991 6.750216
-1.700106 0.06674206 6.719921
-1.700106 -1.668808e-08 6.719921
-1.700106 0.06674206 7.731664
-1.700106 -1.668808e-08 7.731664
-2.143514 0.06006806 7.695996
-2.143514 -1.668808e-08 7.695996
-2.143514 0.1199849 7.671587
-2.143514 0.1456684 7.647038
-2.143514 0.1667769 7.618414
-2.143514 0.1784388 7.594799
-2.143514 0.2055853 7.530322
-2.143514 0.2227035 7.434235
-2.143514 0.2047361 7.226301
-2.143514 0.1784806 7.108141
-2.143514 0.1416755 7.03534
-2.143514 0.117989 7.011367
-2.143514 0.06006806 6.987664
-2.143514 -1.668808e-08 6.987664
-2.588919 0.1001675 7.033569
-2.588919 0.1200579 7.057542
-2.588919 0.05152928 7.009865
-2.588919 -1.668808e-08 7.009865
-2.878316 0.05152928 7.763855
-2.878316 -1.668808e-08 7.763855
-2.588919 0.1018431 7.671587
-2.588919 0.1234105 7.647038
-2.588919 0.1411357 7.618414
-2.588919 0.1509286 7.594799
-2.588919 0.1737248 7.530322
-2.588919 0.188099 7.434235
-2.588919 0.173011 7.226301
-2.588919 0.150964 7.130342
-3.3816 0.1274816 7.265549
-3.493315 0.1385989 7.445315
-3.3816 0.1112362 7.21579
-3.3816 0.08846333 7.152852
-3.3816 0.07380729 7.132126
-3.3816 0.05152928 7.111633
-3.3816 -1.668808e-08 7.111633
-3.235902 0.05152928 8.794257
-3.235902 -1.668808e-08 8.794257
-3.3816 0.07504238 7.650516
-3.3816 0.09093403 7.629292
-3.3816 0.1039949 7.604545
-3.3816 0.1112103 7.584128
-3.493315 0.1280077 7.528386
-2.990875 1.772221 7.396898
-3.314126 1.773097 7.403734
-3.314127 1.765227 7.431192
-2.990878 1.766104 7.429807
-3.912824 0.03697158 7.575573
-3.912824 0.03512636 7.589969
-3.912824 0.04126846 7.536265
-3.912824 0.04397761 7.477689
-3.912824 0.04113364 7.366529
-3.912824 0.03697845 7.330667
-3.912824 0.03115358 7.305497
-3.912824 0.02740445 7.297208
-3.912824 0.01823702 7.289013
-3.912824 -1.668808e-08 7.289013
-3.767127 0.01823702 8.794257
-3.767127 -1.668808e-08 8.794257
-3.912824 0.02772062 7.622385
-3.912824 0.03178539 7.607419
-2.878457 1.675952 7.464952
-3.421174 1.675817 7.463021
-2.878457 1.69671 7.368865
-3.421174 1.696574 7.379951
3.436898 -0.2804405 7.279186
3.436795 -0.2970031 7.333588
3.319765 -0.3096167 7.329462
3.319765 -0.2856648 7.265213
3.436562 -0.08673975 7.739872
3.319765 -0.08673975 7.758347
3.438008 -0.08673975 6.973827
3.319765 -0.08673975 6.94642
3.439225 -0.1637495 7.285888
3.439225 -0.1978502 7.215407
3.439225 -0.2006878 7.135588
3.439225 -0.1661478 7.078888
3.439225 -0.145172 7.061051
3.439225 -0.07831412 7.037807
3.319765 -0.2968726 7.501961
3.436398 -0.2968726 7.501866
3.436461 -0.2721455 7.602736
3.319765 -0.2721455 7.608016
3.437496 -0.2626297 7.199271
3.319765 -0.2643802 7.176943
3.319765 -0.2577322 7.096749
3.43766 -0.2577322 7.120836
3.319765 -0.2103501 7.698213
3.436517 -0.2103501 7.681026
3.436538 -0.1732622 7.710453
3.319765 -0.1732622 7.728284
3.319765 -0.3143804 7.402534
3.436523 -0.3069938 7.402102
3.437865 -0.2045844 7.032629
3.319765 -0.2045844 7.006553
3.319765 -0.1703801 6.976482
3.437937 -0.1703801 7.003223
3.151782 -0.08673975 6.90745
3.151782 -0.08673975 7.764482
3.151782 -0.1732622 7.732749
3.151782 -0.2103501 7.701008
3.151782 -0.2721455 7.605802
3.151782 -0.2968726 7.504387
3.151782 -0.3215916 7.36364
3.278189 -0.3215916 7.362092
3.151782 -0.3042931 7.24994
3.151782 -0.2830091 7.150781
3.151782 -0.2577322 7.066131
3.151782 -0.2045844 6.970925
3.151782 -0.1703801 6.939182
2.985794 -0.2577322 7.03795
2.985794 -0.2045844 6.93983
2.985794 -0.1703801 6.907114
2.985794 -0.08673975 6.874331
2.985794 -0.08673975 7.768905
2.985794 -0.1732622 7.738231
2.985794 -0.2103501 7.705551
2.985794 -0.2721455 7.607533
2.985794 -0.2968726 7.508233
3.097636 -0.4070736 7.446965
3.097631 -0.4052706 7.457155
3.002752 -0.4368023 7.464632
3.002752 -0.438592 7.454381
2.985794 -0.3215916 7.36679
2.985794 -0.3042931 7.234702
2.985794 -0.2830091 7.125099
2.939113 -0.4044236 7.448951
2.939117 -0.402644 7.459257
2.794751 -0.4368012 7.465496
2.794751 -0.4385909 7.455356
2.777894 -0.3215916 7.367979
2.777894 -0.2956454 7.143325
2.916501 -0.2956454 7.160221
2.777894 -0.2577322 7.00396
2.777894 -0.2045844 6.900542
2.777894 -0.1703801 6.866563
2.777894 -0.08673975 6.832107
2.777894 -0.08673975 7.775689
2.777894 -0.1732622 7.742055
2.777894 -0.2103501 7.708409
2.777894 -0.2721455 7.607495
2.777894 -0.2968726 7.508262
2.589953 -0.1732622 7.748042
2.589953 -0.2103501 7.714397
2.589953 -0.2721455 7.613482
2.589953 -0.2968726 7.510258
2.731121 -0.4040889 7.449615
2.731112 -0.4022612 7.459758
2.576878 -0.4368033 7.466464
2.576878 -0.4385951 7.45611
2.589953 -0.3215916 7.367786
2.589953 -0.2956454 7.134448
2.589953 -0.2577322 6.989173
2.589953 -0.2045844 6.880219
2.589953 -0.1703801 6.846064
2.589953 -0.08673975 6.811197
2.589953 -0.08673975 7.781677
2.302219 -0.08673975 7.785312
2.302219 -0.1732622 7.752034
2.302219 -0.2103501 7.718389
2.302219 -0.2721455 7.616769
2.302219 -0.2968726 7.514649
2.512451 -0.4030495 7.450644
2.512447 -0.4012238 7.46102
2.319138 -0.4368091 7.470018
2.319138 -0.4386131 7.459506
2.302219 -0.3215916 7.370821
2.302219 -0.2956454 7.110641
2.302219 -0.2577322 6.960707
2.302219 -0.2045844 6.84688
2.384049 -0.1703801 6.806873
2.302219 -0.08673975 6.77201
1.880764 -0.348285 6.853443
1.962594 -0.3500054 6.776726
1.880764 -0.3382156 6.69763
1.880764 -0.08673975 7.787394
1.880764 -0.1732622 7.751158
1.880764 -0.2103501 7.714713
1.880764 -0.2721455 7.626048
1.880764 -0.2968726 7.51949
2.048383 -0.4046531 7.457184
2.048385 -0.402856 7.467666
1.905991 -0.436807 7.475324
1.905991 -0.438611 7.464927
1.880764 -0.3215916 7.376847
1.880764 -0.2956454 7.068165
1.880764 -0.2577322 6.950326
3.471119 -0.08447315 7.723499
3.498768 -0.0799394 7.703747
3.498768 -0.1532328 7.679114
3.471109 -0.1665866 7.695751
3.498768 -0.1799219 7.658182
3.471099 -0.2002082 7.669231
3.498768 -0.2337252 7.582222
3.471075 -0.25934 7.595272
3.498768 -0.2556099 7.495396
3.471047 -0.2831196 7.499699
3.498768 -0.2612306 7.404563
3.471102 -0.2908658 7.402871
3.498768 -0.2497353 7.344887
3.471223 -0.2797643 7.337839
3.471268 -0.2654102 7.286442
3.498768 -0.2371841 7.296036
3.498768 -0.2203614 7.216282
3.471535 -0.248339 7.207523
3.498768 -0.2167476 7.145965
3.471607 -0.2440722 7.131986
3.498768 -0.1725537 7.07342
3.471525 -0.1940461 7.049058
3.498768 -0.1493732 7.053708
3.471235 -0.1636353 7.022549
3.498768 -0.07971839 7.029491
3.471123 -0.08451068 6.994704
3.498768 -0.2107403 7.218458
3.498768 -0.1791145 7.296271
3.498768 -0.2228928 7.342234
3.498768 -0.2447912 7.40323
3.498768 -0.250108 7.49454
3.498768 -0.2416465 7.516769
3.498768 -0.2260408 7.578682
3.498768 -0.1738358 7.652387
3.498768 -0.1492272 7.671687
3.498768 -0.07857954 7.695431
3.498768 -0.07831412 7.037807
3.498768 -0.145172 7.061051
3.498768 -0.1661478 7.078888
3.498768 -0.2006878 7.135588
3.498768 -0.2112822 7.147651
3.498768 -0.2084499 7.351186
3.498768 -0.1658189 7.306428
3.498768 -0.2287521 7.407033
3.498768 -0.1609034 7.298349
3.498768 -0.1749445 7.303951
3.498768 -0.169209 7.29793
3.498768 -0.1726711 7.290369
3.498768 -0.1637495 7.285888
3.498768 -0.2085503 7.148495
3.498768 -0.2473577 7.494112
3.498768 -0.2061019 7.21736
3.498768 -0.1978502 7.215407
3.498768 -0.2156711 7.346709
3.498768 -0.2368986 7.405101
2.985884 -0.3440616 7.516452
3.151871 -0.3440616 7.512605
3.151871 -0.3687812 7.371859
2.985884 -0.3687812 7.375009
2.777984 -0.3687812 7.376197
2.590042 -0.3687812 7.376005
2.302309 -0.3687812 7.379039
1.880854 -0.3687812 7.385066
1.880854 -0.3440616 7.527709
2.302309 -0.3440616 7.522867
2.590042 -0.3440616 7.518476
2.777984 -0.3440616 7.51648
2.9859 -0.3536863 7.509687
3.143572 -0.3536874 7.506031
2.777999 -0.353698 7.509717
2.560121 -0.3536763 7.511709
2.302324 -0.3536637 7.516099
1.889186 -0.3536673 7.520844
2.095755 -0.3536652 7.518472
2.302324 -0.3755652 7.388661
2.095755 -0.3755631 7.391616
1.889186 -0.3755609 7.39457
2.560121 -0.3755525 7.385625
2.777999 -0.3755308 7.385814
2.9859 -0.3755425 7.384627
3.143572 -0.3755414 7.381636
2.11256 -0.4368097 7.47267
2.11256 -0.4386168 7.462207
2.254767 -0.4047039 7.454475
2.254769 -0.4029025 7.465021
3.002532 -0.3565636 7.492915
3.126939 -0.3565525 7.490028
3.126939 -0.3726763 7.398337
3.002532 -0.3726652 7.400696
2.794631 -0.3565647 7.493332
2.969268 -0.3565689 7.493309
2.969268 -0.3726594 7.401103
2.794631 -0.3726636 7.402102
2.576752 -0.3565552 7.495175
2.761368 -0.3565483 7.493483
2.761368 -0.3726805 7.402185
2.576752 -0.3726731 7.40202
2.318956 -0.3565007 7.499425
2.543488 -0.3564991 7.495599
2.543488 -0.3727292 7.402212
2.318956 -0.3727276 7.404855
2.285693 -0.3727382 7.405291
2.112387 -0.3727435 7.407771
2.112387 -0.3564849 7.501888
2.285693 -0.3564902 7.499899
1.905818 -0.3564986 7.504264
2.079123 -0.356505 7.502274
2.079123 -0.3727239 7.408243
1.905818 -0.3727297 7.410723
3.126992 -0.3706793 7.492504
3.127018 -0.3806219 7.477361
3.127018 -0.3909847 7.418431
3.126992 -0.3868026 7.400813
3.002629 -0.4051496 7.406341
3.0183 -0.4099683 7.41666
3.018361 -0.425658 7.445549
3.018361 -0.4212855 7.470591
3.0183 -0.3967197 7.492494
3.01819 -0.3601536 7.486139
3.01819 -0.3733943 7.410304
3.002629 -0.389048 7.498561
2.969275 -0.3706952 7.495788
2.969279 -0.380616 7.480642
2.969279 -0.3909884 7.421206
2.969275 -0.3867856 7.403582
2.794684 -0.405148 7.407751
2.810339 -0.4100069 7.418078
2.810371 -0.4256701 7.446648
2.810371 -0.4213167 7.471313
2.810338 -0.3967731 7.492925
2.810279 -0.3601907 7.486563
2.810279 -0.3733996 7.411712
2.794684 -0.3890485 7.498981
2.761378 -0.3706756 7.495953
2.761383 -0.3806329 7.48081
2.761383 -0.3909768 7.422268
2.761378 -0.3868079 7.404655
2.576808 -0.4051591 7.407661
2.592463 -0.4099793 7.417977
2.592498 -0.4256886 7.447165
2.592498 -0.4212945 7.472561
2.592464 -0.3967023 7.494744
2.5924 -0.3601526 7.488399
2.5924 -0.3734355 7.411633
2.576808 -0.3890406 7.500815
2.543523 -0.3706317 7.49804
2.543541 -0.3805452 7.482874
2.543541 -0.3910794 7.422259
2.543524 -0.3868617 7.404653
2.319037 -0.4052183 7.410466
2.334702 -0.4100016 7.420765
2.334752 -0.4257146 7.450381
2.334752 -0.4212654 7.476314
2.334702 -0.3965986 7.498943
2.334611 -0.360077 7.492638
2.334611 -0.3734905 7.41446
2.319037 -0.3889914 7.505035
2.128127 -0.4100291 7.423674
2.128175 -0.4257198 7.453135
2.128175 -0.4212696 7.478898
2.128127 -0.3965991 7.501402
2.12804 -0.3600717 7.495101
2.12804 -0.3734995 7.417373
2.112464 -0.3889766 7.507493
2.285723 -0.3706244 7.502333
2.285739 -0.3805055 7.487158
2.285739 -0.3911222 7.425335
2.285723 -0.3868713 7.407725
2.112464 -0.4052352 7.413375
2.079154 -0.3706365 7.504719
2.07917 -0.3805288 7.489551
2.07917 -0.3910936 7.4283
2.079154 -0.386856 7.410688
1.905895 -0.4052199 7.416338
1.921557 -0.4100238 7.426642
1.921606 -0.4257077 7.455927
1.921606 -0.4212754 7.48147
1.921557 -0.3966288 7.503794
1.921471 -0.3600913 7.497479
1.921471 -0.3734789 7.420326
1.905895 -0.3889883 7.509878
3.002727 -0.4251055 7.483713
3.107424 -0.394893 7.476141
3.117222 -0.3863161 7.484942
3.002702 -0.4151952 7.49255
2.794738 -0.4251049 7.484357
2.949173 -0.393163 7.478716
2.959228 -0.3854591 7.487873
2.794724 -0.4151952 7.493082
2.576864 -0.4251028 7.485755
2.741196 -0.3928696 7.478992
2.751291 -0.3853031 7.488091
2.57685 -0.4151905 7.494697
2.319118 -0.4250833 7.489631
2.522808 -0.3921653 7.480682
2.533176 -0.3849304 7.489972
2.319098 -0.4151576 7.498736
2.112541 -0.4250764 7.492183
2.265093 -0.3932994 7.484892
2.275418 -0.3854935 7.494223
2.112522 -0.4151466 7.50124
1.905972 -0.4250801 7.494706
2.058647 -0.3932735 7.48741
2.06891 -0.3854866 7.496676
1.905953 -0.415154 7.503697
3.107431 -0.4038733 7.425203
3.002727 -0.4340513 7.432478
3.002702 -0.4277194 7.420819
3.117226 -0.3988689 7.413625
2.949164 -0.4020846 7.427373
2.794738 -0.4340492 7.433671
2.794724 -0.4277174 7.422121
2.959223 -0.3979654 7.416095
2.741212 -0.4019012 7.428282
2.576864 -0.4340582 7.434
2.57685 -0.4277274 7.422238
2.751299 -0.397885 7.417084
2.522816 -0.401226 7.428806
2.319118 -0.4340979 7.43709
2.319098 -0.4277787 7.425179
2.53318 -0.3975757 7.417338
2.265089 -0.4023151 7.43227
2.112541 -0.434109 7.439893
2.112522 -0.4277929 7.428033
2.275416 -0.3981256 7.420605
2.058643 -0.4022744 7.435108
1.905972 -0.4340979 7.442738
1.905953 -0.4277792 7.430939
2.068908 -0.398097 7.423508
3.002674 -0.4195936 7.411665
3.002666 -0.416002 7.416668
3.002556 -0.379428 7.410312
3.002556 -0.3661874 7.486147
3.002666 -0.4027529 7.492502
3.002674 -0.4044432 7.498424
3.002727 -0.4273187 7.470598
3.002743 -0.4324488 7.473453
3.002727 -0.4316906 7.445557
3.002743 -0.4374848 7.444608
2.794709 -0.4195983 7.413076
2.794705 -0.4160195 7.418082
2.794645 -0.3794116 7.411716
2.794645 -0.3662027 7.486567
2.794705 -0.4027852 7.492929
2.794709 -0.4044538 7.498846
2.794738 -0.4273292 7.471318
2.794746 -0.4324515 7.474195
2.794738 -0.4316822 7.446651
2.794746 -0.4374812 7.445696
2.576834 -0.4195973 7.412981
2.576829 -0.415993 7.417982
2.576767 -0.3794492 7.411637
2.576767 -0.3661662 7.488403
2.576829 -0.4027164 7.494749
2.576834 -0.4044258 7.500673
2.576864 -0.4273081 7.472567
2.576873 -0.4324446 7.475399
2.576864 -0.4317023 7.44717
2.576873 -0.4374923 7.446229
2.319074 -0.4196496 7.415771
2.319067 -0.4160269 7.420771
2.318977 -0.3795158 7.414466
2.318977 -0.3661022 7.492644
2.319068 -0.4026239 7.49895
2.319074 -0.4043644 7.504877
2.319118 -0.4272906 7.47632
2.319131 -0.432434 7.479125
2.319118 -0.4317398 7.450388
2.319131 -0.437524 7.449461
2.112499 -0.4196703 7.418678
2.112493 -0.4160528 7.42368
2.112406 -0.3795227 7.417379
2.112406 -0.3660954 7.495107
2.112493 -0.4026223 7.501408
2.112499 -0.4043538 7.507333
2.112541 -0.4272933 7.478904
2.112554 -0.4324329 7.48172
2.112541 -0.4317435 7.453142
2.112554 -0.4375303 7.452213
1.90593 -0.4196576 7.421645
1.905924 -0.4160475 7.426648
1.905837 -0.3795026 7.420332
1.905837 -0.3661149 7.497486
1.905924 -0.4026524 7.5038
1.90593 -0.4043718 7.509724
1.905972 -0.4272991 7.481477
1.905984 -0.4324356 7.484304
1.905972 -0.4317314 7.455933
1.905984 -0.4375202 7.454999
0.9463777 -0.3215916 7.362224
0.9463777 -0.2956454 7.032302
1.433363 -0.2577322 6.968163
1.433363 -0.348285 6.866719
0.7895846 -4.650046 6.77064
0.7895846 -4.647411 6.729143
1.053668 -4.705152 6.733126
1.053668 -4.707789 6.774623
1.433363 -0.3382156 6.639293
1.417485 -0.08673975 7.777553
1.395531 -0.1732622 7.738824
1.395531 -0.2103501 7.699872
1.387548 -0.2721455 7.605106
0.9463777 -0.2968726 7.514682
1.106602 -0.1968186 7.987047
1.024276 -0.196309 8.053669
1.01439 -0.2295695 7.942915
1.143722 -0.2721455 7.585148
1.16424 -0.2671105 7.59287
1.164512 -0.2721455 7.585148
1.143722 -0.2776299 7.565095
0.6945693 -0.2968726 7.514682
0.6945693 -0.3215916 7.362224
0.6945693 -0.2956454 7.032302
0.6945693 -0.2577322 6.944212
0.6945693 -0.348285 6.866719
0.6945693 -0.3382156 6.639293
1.02276 -0.1081036 8.091121
1.023254 -0.1781354 8.069688
1.10558 -0.178645 8.003066
0.1361654 -0.1825338 8.023216
0.4575472 -0.1825338 8.100054
0.4575362 -0.1114525 8.122699
-0.8544531 -0.08673975 7.777553
-0.8053044 -0.1732622 7.738824
0.4575472 -0.201078 8.080578
-0.7430704 -0.2103501 7.699872
0.1361654 -0.201078 8.00374
0.1534466 -0.223171 7.954001
-0.6986867 -0.2408312 7.654454
0.4145918 -0.2671941 7.633282
-0.6888798 -0.2968726 7.514682
0.5809118 -0.2776299 7.585053
0.4145918 -0.2776299 7.593037
-0.6888798 -0.2576713 7.616986
-0.6888798 -0.3215916 7.362224
-0.6888798 -0.2956454 7.032302
-0.6888798 -0.2577322 6.904295
-0.5429873 -0.348285 6.788785
-0.5429873 -0.3382156 6.759044
0.9931537 -0.1119035 8.100307
0.9930577 -0.2015845 8.057473
0.9930018 -0.183099 8.077471
0.5395973 -0.1825338 8.105493
0.5395973 -0.201078 8.086018
-0.6888798 -0.2521869 7.63704
1.00401 -0.2303583 7.945345
0.9932079 -0.2306856 7.945518
1.122934 -0.2682742 7.605577
0.5809118 -0.2681711 7.625513
0.5809118 -0.2721455 7.605106
0.4145918 -0.2721455 7.613091
1.014105 -0.1810063 8.074846
1.014105 -0.19955 8.05537
1.00386 -0.1827125 8.076777
1.00386 -0.2012567 8.057301
1.013611 -0.110974 8.096278
1.004013 -0.111517 8.099613
0.539324 -0.2294611 7.976856
0.4572739 -0.2294611 7.971417
-0.7650557 -0.2577322 6.491157
-0.7650557 -0.2045844 6.375647
-0.5429873 -0.3500054 6.720811
-0.9686308 -0.08673975 7.777553
-0.9119262 -0.1732622 7.738824
-0.8494164 -0.2103501 7.699872
-0.7650557 -0.2408312 7.654454
-0.7650557 -0.2576713 7.616986
-0.7650557 -0.2968726 7.514682
-0.7650557 -0.3215916 7.362224
-0.7650557 -0.2956454 7.032302
-1.124639 -0.2808445 7.032302
-1.124639 -0.2448299 6.602872
-1.124639 -0.1943427 6.487362
-1.124639 -0.1618504 6.449325
-0.7650557 -0.1703801 6.33761
-1.124639 -0.08239793 6.411716
-0.7650557 -0.08673975 6.3
-1.124639 -0.08239793 7.777553
-1.124639 -0.164588 7.738824
-1.124639 -0.1998196 7.699872
-1.124639 -0.2287748 7.654455
-1.124639 -0.2447717 7.616986
-1.124639 -0.2820098 7.514682
-1.124639 -0.3054917 7.362224
0.1555905 -0.2583714 6.420186
0.1555905 -0.1747315 6.389126
0.2317662 -0.24045 6.601501
0.1555905 -0.2925757 6.4516
-0.4073911 -0.9227338 6.779767
0.6964443 -0.9227338 6.846505
1.435238 -0.9227338 6.846505
1.627172 -0.9190546 6.833107
1.709002 -0.9252797 6.767855
1.627172 -0.9189615 6.688134
1.435238 -0.9229761 6.629936
0.6964443 -0.9229761 6.629936
-0.4073911 -0.9147349 6.749403
1.444134 -4.515619 6.854914
1.55969 -4.511939 6.841515
1.55969 -4.516105 6.806129
1.55969 -4.506763 6.770214
1.444134 -4.510778 6.712016
0.9993297 -4.510778 6.712016
0.3928011 -4.50652 6.77374
0.3928011 -4.515619 6.788175
0.9993297 -4.515619 6.854914
1.296032 -4.707789 6.774623
1.358996 -4.648042 6.799704
1.358996 -4.650312 6.780423
1.358996 -4.645222 6.760853
1.296032 -4.705152 6.733126
0.06409398 -0.2554623 6.36749
0.06409398 -0.2896667 6.405527
0.1402702 -0.2388527 6.587031
0.06409398 -0.1718225 6.329881
-1.412372 -0.2202942 7.607146
-1.412372 -0.2538096 7.513397
-1.412372 -0.2749424 7.37369
-1.412372 -0.2527606 7.07136
-1.412372 -0.2203471 6.687187
-1.412372 -0.1749081 6.581336
-1.412372 -0.1456653 6.546481
-1.412372 -0.07415787 6.512017
-1.412372 -0.07415787 7.754283
-1.412372 -0.1481296 7.718794
-1.412372 -0.1798373 7.6831
-1.412372 -0.2058977 7.64148
-1.700106 -0.1333165 7.700466
-1.700106 -0.1618535 7.66909
-1.700106 -0.1853074 7.632505
-1.700106 -0.1982652 7.602324
-1.700106 -0.2284285 7.519916
-1.700106 -0.2474481 7.397107
-1.700106 -0.2274842 7.131347
-1.700106 -0.1983123 6.873902
-1.700106 -0.1574176 6.780855
-1.700106 -0.1310991 6.750216
-1.700106 -0.06674208 6.719921
-1.700106 -0.06674208 7.731664
-2.143514 -0.06006809 7.695996
-2.143514 -0.119985 7.671587
-2.143514 -0.1456684 7.647038
-2.143514 -0.1667769 7.618414
-2.143514 -0.1784389 7.594799
-2.143514 -0.2055853 7.530322
-2.143514 -0.2227036 7.434235
-2.143514 -0.2047362 7.226301
-2.143514 -0.1784806 7.108141
-2.143514 -0.1416756 7.03534
-2.143514 -0.117989 7.011367
-2.143514 -0.06006809 6.987664
-2.588919 -0.1200579 7.057542
-2.588919 -0.1001676 7.033569
-2.588919 -0.0515293 7.009865
-2.878316 -0.0515293 7.763855
-2.588919 -0.1018431 7.671587
-2.588919 -0.1234105 7.647038
-2.588919 -0.1411358 7.618414
-2.588919 -0.1509286 7.594799
-2.588919 -0.1737248 7.530322
-2.588919 -0.188099 7.434235
-2.588919 -0.173011 7.226301
-2.588919 -0.1509641 7.130342
-3.493315 -0.138599 7.445315
-3.3816 -0.1274816 7.265549
-3.3816 -0.1112363 7.21579
-3.3816 -0.08846337 7.152852
-3.3816 -0.07380734 7.132126
-3.3816 -0.0515293 7.111633
-3.235902 -0.0515293 8.794257
-3.3816 -0.07504242 7.650516
-3.3816 -0.09093406 7.629292
-3.3816 -0.103995 7.604545
-3.3816 -0.1112104 7.584128
-3.493315 -0.1280077 7.528386
-2.990878 -1.766104 7.429807
-3.314127 -1.765227 7.431192
-3.314126 -1.773097 7.403734
-2.990875 -1.772221 7.396898
-3.912824 -0.03512639 7.589969
-3.912824 -0.03697162 7.575573
-3.912824 -0.0412685 7.536265
-3.912824 -0.04397764 7.477689
-3.912824 -0.04113367 7.366529
-3.912824 -0.03697849 7.330667
-3.912824 -0.03115361 7.305497
-3.912824 -0.02740448 7.297208
-3.912824 -0.01823705 7.289013
-3.767127 -0.01823705 8.794257
-3.912824 -0.02772065 7.622385
-3.912824 -0.03178543 7.607419
-3.421174 -1.675817 7.463021
-2.878457 -1.675952 7.464952
-2.878457 -1.69671 7.368864
-3.421174 -1.696574 7.379951
3.630966 -0.03934397 6.334318
3.650331 -0.023695 6.334322
3.662131 -0.04251469 6.407808
3.64213 -0.05734203 6.407804
3.659749 -0.05416338 6.628281
3.638053 -0.0663778 6.628277
3.649913 -0.06116518 6.926987
3.626467 -0.06954218 6.926985
3.642626 -0.06002738 7.10005
3.618471 -0.06606268 7.100048
3.635969 -0.05568026 7.261259
3.611364 -0.0594828 7.261258
3.631226 -0.04926058 7.389278
3.606411 -0.05126654 7.389278
3.628196 -0.04110513 7.488852
3.603307 -0.04170522 7.488851
3.627468 -0.04021952 7.51967
3.602571 -0.04038395 7.51967
3.567147 0.04379996 6.407834
3.587147 0.05862731 6.407838
3.598281 0.04071173 6.334342
3.578917 0.02506223 6.334336
3.569609 0.05519487 6.628313
3.591304 0.06740929 6.628316
3.579527 0.06183873 6.927024
3.602972 0.07021572 6.927027
3.586847 0.06048733 7.100085
3.611002 0.06652369 7.100087
3.593525 0.0559393 7.261292
3.61813 0.0597429 7.261293
3.598277 0.04936048 7.389308
3.623094 0.0513659 7.389308
3.60131 0.04107919 7.488875
3.6262 0.04167981 7.488875
3.602039 0.04015498 7.519694
3.626936 0.04031995 7.519694
3.629936 -1.198634 7.571819
3.649287 -1.198642 7.556153
3.661168 -1.125172 7.574984
3.641181 -1.125163 7.589829
3.658992 -0.904701 7.5867
3.637308 -0.9046888 7.598933
3.649428 -0.6059874 7.5938
3.62599 -0.6059722 7.602198
3.642295 -0.4329194 7.592719
3.618145 -0.4329009 7.598776
3.635777 -0.2717024 7.588426
3.611175 -0.2716834 7.59225
3.631143 -0.1436768 7.582048
3.606328 -0.1436556 7.584076
3.628194 -0.04409925 7.573925
3.603304 -0.04407757 7.574548
3.627492 -0.01327875 7.57305
3.602595 -0.01325707 7.573236
3.566108 -1.125036 7.488754
3.586095 -1.125045 7.473908
3.597179 -1.198558 7.491793
3.577829 -1.198549 7.507459
3.568755 -0.9045556 7.477422
3.590441 -0.9045677 7.465189
3.578933 -0.6058521 7.470858
3.602372 -0.6058685 7.46246
3.586409 -0.4327978 7.472254
3.610558 -0.4328158 7.466196
3.593234 -0.2715983 7.476844
3.617836 -0.2716184 7.473019
3.598106 -0.143589 7.483457
3.62292 -0.1436096 7.481429
3.601235 -0.04402681 7.491764
3.626124 -0.04404796 7.491142
3.601991 -0.01320843 7.492698
3.626888 -0.01323063 7.492511
3.631035 0.03852389 8.731476
3.650372 0.02284003 8.731462
3.662206 0.04168245 8.657987
3.642232 0.05654627 8.658
3.659844 0.0534665 8.437522
3.63817 0.06571899 8.437533
3.650021 0.06066287 8.138819
3.626589 0.0690811 8.138827
3.642732 0.0596398 7.965757
3.618588 0.06571846 7.965763
3.636068 0.05540001 7.804545
3.611469 0.05924643 7.804549
3.631313 0.04906493 7.676521
3.606501 0.05111529 7.676523
3.62827 0.04097397 7.576944
3.603381 0.041619 7.576945
3.627539 0.0401074 7.546124
3.602643 0.04031625 7.546124
3.567068 -0.04446248 8.65791
3.587042 -0.05932577 8.657898
3.598208 -0.04147311 8.731404
3.578871 -0.02578978 8.73142
3.56951 -0.05573102 8.437426
3.591184 -0.06798404 8.437414
3.579416 -0.06221627 8.13871
3.602847 -0.07063503 8.138703
3.586739 -0.06077551 7.965651
3.610883 -0.0668547 7.965645
3.593425 -0.05614395 7.804446
3.618024 -0.05999037 7.804442
3.598189 -0.04949692 7.676434
3.623002 -0.05154729 7.676432
3.601237 -0.04116275 7.576871
3.626126 -0.04180726 7.576871
3.601968 -0.04022111 7.546053
3.626864 -0.04042942 7.546053
3.632067 1.198547 7.494662
3.651417 1.198511 7.510328
3.663169 1.125031 7.491453
3.643181 1.125067 7.476608
3.660601 0.9045711 7.479607
3.638916 0.9046051 7.467373
3.650505 0.6058798 7.472331
3.627067 0.6059111 7.463933
3.643064 0.4328239 7.473309
3.618915 0.4328521 7.467251
3.636261 0.2716167 7.477507
3.611657 0.2716432 7.473681
3.631398 0.1435953 7.483808
3.606583 0.1436196 7.48178
3.628273 0.04401832 7.491872
3.603382 0.04404159 7.491249
3.627516 0.01319888 7.49273
3.602618 0.01322108 7.492543
3.568108 1.125013 7.577683
3.588095 1.124978 7.592529
3.599311 1.198482 7.574688
3.57996 1.198517 7.559022
3.570364 0.9045225 7.588884
3.592049 0.9044887 7.601118
3.58001 0.6057968 7.595272
3.603449 0.6057662 7.60367
3.587178 0.4327303 7.593774
3.611327 0.432702 7.599831
3.593716 0.2715221 7.589088
3.618319 0.2714956 7.592914
3.598361 0.1435075 7.582399
3.623176 0.1434832 7.584427
3.601313 0.04394483 7.574033
3.626202 0.04392209 7.574655
3.602015 0.01312644 7.573081
3.626912 0.01310424 7.573268
3.912824 -0.0002167907 7.532886
3.852374 0.03508776 7.593987
3.852353 -0.0001813666 7.603436
3.751608 0.0687369 7.652179
3.751568 -0.0001216216 7.670626
3.613882 0.0923309 7.692914
3.613827 -3.967047e-05 7.717659
3.546694 0.09740923 7.701642
3.546636 -1.668808e-08 7.727737
3.546652 0.0268715 7.579439
3.546636 -1.668808e-08 7.586637
3.371958 0.02697513 7.579439
3.371942 0.0001036118 7.586637
3.371942 0.0001036118 7.532886
3.852389 0.0609103 7.568172
3.751638 0.1191517 7.601779
3.613922 0.1599612 7.625304
3.546737 0.1687279 7.630344
3.546664 0.04654559 7.559772
3.371969 0.04664922 7.559772
3.852395 0.07036905 7.532907
3.751649 0.1376187 7.532927
3.613937 0.1847337 7.53294
3.546752 0.1948523 7.532944
3.546669 0.05375253 7.532902
3.371973 0.05385616 7.532902
3.852389 0.06093092 7.497635
3.751638 0.1191929 7.464063
3.613922 0.1600152 7.440562
3.546737 0.1687855 7.435526
3.546664 0.04656198 7.506027
3.371969 0.04666561 7.506027
3.852374 0.03512424 7.471805
3.751608 0.06880775 7.413633
3.613882 0.09242607 7.372912
3.546694 0.09750967 7.364186
3.546652 0.02689952 7.486347
3.371958 0.02700262 7.486347
3.852353 -0.0001390693 7.462336
3.751568 -3.967047e-05 7.395144
3.613827 6.977395e-05 7.348112
3.546636 0.0001152436 7.338034
3.546636 3.223505e-05 7.479133
3.371942 0.0001353349 7.479133
3.852332 -0.03541401 7.471763
3.751527 -0.0689093 7.413551
3.613773 -0.09231666 7.372803
3.546579 -0.09730934 7.364071
3.546621 -0.02684404 7.486316
3.371926 -0.02674041 7.486316
3.852317 -0.06125136 7.497561
3.751496 -0.1193542 7.463921
3.613733 -0.1599856 7.440372
3.546537 -0.1686703 7.435326
3.546609 -0.04652976 7.505972
3.371914 -0.04642613 7.505972
3.852311 -0.07073073 7.532823
3.751486 -0.1378619 7.532763
3.613718 -0.1848136 7.532722
3.546521 -0.1948524 7.532713
3.546605 -0.05375256 7.532838
3.371909 -0.05364894 7.532838
3.852317 -0.06131374 7.5681
3.751496 -0.1194758 7.601638
3.613732 -0.1601495 7.625114
3.546537 -0.1688432 7.630145
3.546609 -0.04657735 7.559716
3.371914 -0.04647372 7.559716
3.852332 -0.0355224 7.593946
3.751527 -0.06912132 7.652097
3.613773 -0.09260057 7.692803
3.546579 -0.09760912 7.701527
3.546621 -0.02692652 7.579408
3.371926 -0.02682289 7.579408
