3 0 1 2
3 0 2 3
3 4 5 6
3 4 6 7
3 8 9 10
3 8 10 11
3 12 13 14
3 12 14 15
3 12 15 16
3 12 16 17
3 12 17 18
3 12 18 19
3 20 21 22
3 20 22 23
3 24 25 26
3 24 26 27
3 28 29 30
3 28 30 31
3 4 7 29
3 4 29 28
3 21 20 31
3 21 31 30
3 32 33 23
3 32 23 22
3 34 35 36
3 34 36 37
3 25 24 37
3 25 37 36
3 10 9 35
3 10 35 34
3 9 8 38
3 9 38 39
3 5 4 40
3 5 40 41
3 4 28 42
3 4 42 40
3 28 31 43
3 28 43 42
3 31 20 44
3 31 44 43
3 20 23 45
3 20 45 44
3 23 33 46
3 23 46 47
3 23 47 45
3 1 0 48
3 1 48 47
3 1 47 46
3 26 25 49
3 26 49 50
3 25 36 51
3 25 51 49
3 36 35 52
3 36 52 51
3 35 9 39
3 35 39 52
3 49 51 53
3 49 53 54
3 51 52 55
3 51 55 53
3 52 39 56
3 52 56 55
3 39 38 57
3 39 57 56
3 41 40 58
3 41 58 59
3 40 42 60
3 40 60 58
3 42 43 61
3 42 61 60
3 43 44 62
3 43 62 61
3 44 45 63
3 44 63 62
3 64 65 66
3 64 66 67
3 47 48 68
3 47 68 69
3 50 49 54
3 50 54 70
3 71 72 73
3 71 73 74
3 69 68 75
3 69 75 76
3 69 76 77
3 70 54 78
3 70 78 76
3 70 76 75
3 54 53 79
3 54 79 78
3 53 55 80
3 53 80 79
3 55 56 81
3 55 81 80
3 56 57 82
3 56 82 81
3 59 58 83
3 59 83 84
3 58 60 85
3 58 85 83
3 60 61 86
3 60 86 85
3 61 62 87
3 61 87 86
3 62 63 88
3 62 88 87
3 85 86 89
3 85 89 90
3 86 87 91
3 86 91 89
3 87 88 92
3 87 92 91
3 93 94 95
3 93 95 96
3 77 76 97
3 77 97 98
3 76 78 99
3 76 99 97
3 78 79 100
3 78 100 99
3 79 80 101
3 79 101 100
3 80 81 102
3 80 102 101
3 81 82 103
3 81 103 102
3 84 83 104
3 84 104 105
3 83 85 90
3 83 90 104
3 105 104 106
3 105 106 107
3 104 90 108
3 104 108 106
3 90 89 109
3 90 109 108
3 89 91 110
3 89 110 109
3 91 92 111
3 91 111 110
3 112 113 114
3 112 114 115
3 98 97 116
3 98 116 117
3 97 99 118
3 97 118 116
3 99 100 119
3 99 119 118
3 100 101 120
3 100 120 119
3 101 102 121
3 101 121 120
3 102 103 122
3 102 122 121
3 119 120 123
3 119 123 124
3 120 121 125
3 120 125 123
3 121 122 126
3 121 126 125
3 107 106 127
3 107 127 128
3 106 108 129
3 106 129 127
3 108 109 130
3 108 130 129
3 109 110 131
3 109 131 130
3 110 111 132
3 110 132 131
3 133 134 135
3 133 135 136
3 117 116 137
3 117 137 138
3 116 118 139
3 116 139 137
3 118 119 124
3 118 124 139
3 68 70 75
3 0 3 27
3 0 27 26
3 48 0 26
3 48 26 50
3 68 48 50
3 68 50 70
3 33 1 46
3 2 1 33
3 2 33 32
3 140 141 142
3 140 142 143
3 144 142 141
3 144 141 145
3 146 144 145
3 146 145 147
3 148 146 147
3 148 147 149
3 150 148 149
3 150 149 151
3 152 150 151
3 152 151 153
3 154 152 153
3 154 153 155
3 155 156 157
3 155 157 154
3 158 157 156
3 158 156 159
3 160 158 159
3 160 159 161
3 162 160 161
3 162 161 163
3 164 162 163
3 164 163 165
3 166 164 165
3 166 165 167
3 167 168 169
3 167 169 166
3 7 6 143
3 7 143 142
3 29 7 142
3 29 142 144
3 30 29 144
3 30 144 146
3 21 30 146
3 21 146 148
3 22 21 148
3 22 148 150
3 32 22 150
3 32 150 152
3 2 32 152
3 2 152 154
3 3 2 154
3 3 154 157
3 27 3 157
3 27 157 158
3 24 27 158
3 24 158 160
3 37 24 160
3 37 160 162
3 34 37 162
3 34 162 164
3 10 34 164
3 10 164 166
3 11 10 166
3 11 166 169
3 170 171 159
3 170 159 156
3 172 170 156
3 172 156 155
3 173 172 155
3 173 155 153
3 174 173 153
3 174 153 151
3 151 149 175
3 151 175 176
3 151 176 174
3 149 147 177
3 149 177 175
3 147 145 178
3 147 178 177
3 145 141 179
3 145 179 178
3 141 140 180
3 141 180 179
3 181 168 167
3 181 167 182
3 167 165 183
3 167 183 182
3 165 163 184
3 165 184 183
3 163 161 185
3 163 185 186
3 163 186 184
3 171 185 161
3 171 161 159
3 187 176 175
3 187 175 177
3 187 177 178
3 187 178 179
3 187 179 180
3 187 180 188
3 187 188 189
3 187 189 190
3 191 192 189
3 191 189 193
3 191 170 192
3 191 194 170
3 191 193 195
3 191 195 194
3 196 186 185
3 197 174 176
3 195 193 198
3 195 198 199
3 193 189 188
3 193 188 198
3 170 194 200
3 170 200 171
3 194 195 201
3 194 201 200
3 171 200 196
3 171 196 185
3 200 201 186
3 200 186 196
3 172 202 192
3 172 192 170
3 202 190 189
3 202 189 192
3 173 203 202
3 173 202 172
3 203 187 190
3 203 190 202
3 174 197 203
3 174 203 173
3 197 176 187
3 197 187 203
3 184 186 15
3 184 15 14
3 186 201 16
3 186 16 15
3 201 195 17
3 201 17 16
3 195 199 18
3 195 18 17
3 181 182 12
3 181 12 19
3 182 183 13
3 182 13 12
3 183 184 14
3 183 14 13
3 63 45 204
3 63 204 205
3 45 47 206
3 45 206 204
3 47 69 207
3 47 207 206
3 69 77 208
3 69 208 207
3 77 98 209
3 77 209 208
3 98 117 210
3 98 210 209
3 117 138 211
3 117 211 210
3 138 132 212
3 138 212 211
3 132 111 213
3 132 213 212
3 111 92 214
3 111 214 213
3 92 88 215
3 92 215 214
3 88 63 205
3 88 205 215
3 205 204 216
3 205 216 217
3 215 205 217
3 215 217 218
3 214 215 218
3 214 218 219
3 213 214 219
3 213 219 220
3 212 213 220
3 212 220 221
3 212 221 222
3 210 211 223
3 210 223 224
3 210 224 225
3 209 210 225
3 209 225 226
3 208 209 226
3 208 226 227
3 207 208 227
3 207 227 228
3 206 207 228
3 206 228 229
3 204 206 229
3 204 229 216
3 211 212 222
3 211 222 223
3 230 231 232
3 230 232 233
3 217 216 234
3 217 234 235
3 216 229 236
3 216 236 234
3 229 228 237
3 229 237 236
3 228 217 235
3 228 235 237
3 218 217 238
3 218 238 239
3 217 228 240
3 217 240 238
3 228 227 241
3 228 241 240
3 227 218 239
3 227 239 241
3 219 218 242
3 219 242 243
3 218 227 244
3 218 244 242
3 227 226 245
3 227 245 244
3 226 219 243
3 226 243 245
3 220 219 246
3 220 246 247
3 219 226 248
3 219 248 246
3 226 225 249
3 226 249 248
3 225 220 247
3 225 247 249
3 225 224 250
3 225 250 251
3 224 221 252
3 224 252 250
3 221 220 253
3 221 253 252
3 220 225 251
3 220 251 253
3 222 221 254
3 222 254 255
3 221 224 256
3 221 256 254
3 224 223 257
3 224 257 256
3 223 222 255
3 223 255 257
3 234 236 258
3 234 258 259
3 234 259 260
3 234 260 261
3 236 237 262
3 236 262 258
3 263 264 265
3 263 265 266
3 263 266 267
3 263 267 268
3 235 234 261
3 235 261 269
3 238 240 270
3 238 270 271
3 238 271 272
3 238 272 273
3 240 241 274
3 240 274 270
3 275 276 277
3 275 277 278
3 275 278 279
3 275 279 280
3 239 238 273
3 239 273 281
3 242 244 282
3 242 282 283
3 242 283 284
3 242 284 285
3 244 245 286
3 244 286 282
3 287 288 289
3 287 289 290
3 287 290 291
3 287 291 292
3 243 242 285
3 243 285 293
3 246 248 294
3 246 294 295
3 246 295 296
3 246 296 297
3 248 249 298
3 248 298 294
3 299 300 301
3 299 301 302
3 299 302 303
3 299 303 304
3 247 246 297
3 247 297 305
3 306 307 308
3 306 308 309
3 306 309 310
3 306 310 311
3 252 253 312
3 252 312 313
3 253 251 314
3 253 314 315
3 253 315 316
3 253 316 312
3 251 250 317
3 251 317 314
3 254 256 318
3 254 318 319
3 254 319 320
3 254 320 321
3 256 257 322
3 256 322 318
3 323 324 325
3 323 325 326
3 323 326 327
3 323 327 328
3 255 254 321
3 255 321 329
3 330 331 332
3 330 332 333
3 334 335 336
3 334 336 337
3 338 339 340
3 338 340 341
3 342 343 344
3 342 344 345
3 346 347 348
3 346 348 349
3 350 351 352
3 350 352 353
3 354 355 356
3 354 356 357
3 358 359 360
3 358 360 361
3 362 363 364
3 362 364 365
3 366 367 368
3 366 368 369
3 370 371 372
3 370 372 373
3 374 375 376
3 374 376 377
3 260 259 354
3 260 354 357
3 260 357 67
3 260 67 66
3 260 66 332
3 260 332 331
3 272 271 358
3 272 358 361
3 272 361 74
3 272 74 73
3 272 73 336
3 272 336 335
3 284 283 362
3 284 362 365
3 284 365 96
3 284 96 95
3 284 95 340
3 284 340 339
3 296 295 366
3 296 366 369
3 296 369 115
3 296 115 114
3 296 114 344
3 296 344 343
3 316 315 370
3 316 370 373
3 316 373 231
3 316 231 230
3 316 230 348
3 316 348 347
3 320 319 374
3 320 374 377
3 320 377 136
3 320 136 135
3 320 135 352
3 320 352 351
3 262 237 378
3 262 378 379
3 262 379 380
3 237 235 381
3 237 381 378
3 235 269 382
3 235 382 383
3 235 383 381
3 330 333 384
3 330 384 385
3 330 385 383
3 330 383 382
3 65 64 386
3 65 386 387
3 65 387 385
3 65 385 384
3 356 355 380
3 356 380 379
3 356 379 387
3 356 387 386
3 274 241 388
3 274 388 389
3 274 389 390
3 241 239 391
3 241 391 388
3 239 281 392
3 239 392 393
3 239 393 391
3 334 337 394
3 334 394 395
3 334 395 393
3 334 393 392
3 72 71 396
3 72 396 397
3 72 397 395
3 72 395 394
3 360 359 390
3 360 390 389
3 360 389 397
3 360 397 396
3 286 245 398
3 286 398 399
3 286 399 400
3 245 243 401
3 245 401 398
3 243 293 402
3 243 402 403
3 243 403 401
3 338 341 404
3 338 404 405
3 338 405 403
3 338 403 402
3 94 93 406
3 94 406 407
3 94 407 405
3 94 405 404
3 364 363 400
3 364 400 399
3 364 399 407
3 364 407 406
3 298 249 408
3 298 408 409
3 298 409 410
3 249 247 411
3 249 411 408
3 247 305 412
3 247 412 413
3 247 413 411
3 342 345 414
3 342 414 415
3 342 415 413
3 342 413 412
3 113 112 416
3 113 416 417
3 113 417 415
3 113 415 414
3 368 367 410
3 368 410 409
3 368 409 417
3 368 417 416
3 317 250 418
3 317 418 419
3 317 419 420
3 250 252 421
3 250 421 418
3 252 313 422
3 252 422 423
3 252 423 421
3 346 349 424
3 346 424 425
3 346 425 423
3 346 423 422
3 233 232 426
3 233 426 427
3 233 427 425
3 233 425 424
3 372 371 420
3 372 420 419
3 372 419 427
3 372 427 426
3 322 257 428
3 322 428 429
3 322 429 430
3 257 255 431
3 257 431 428
3 255 329 432
3 255 432 433
3 255 433 431
3 350 353 434
3 350 434 435
3 350 435 433
3 350 433 432
3 134 133 436
3 134 436 437
3 134 437 435
3 134 435 434
3 376 375 430
3 376 430 429
3 376 429 437
3 376 437 436
3 383 385 266
3 383 266 265
3 385 387 267
3 385 267 266
3 387 379 268
3 387 268 267
3 379 378 263
3 379 263 268
3 378 381 264
3 378 264 263
3 381 383 265
3 381 265 264
3 393 395 278
3 393 278 277
3 395 397 279
3 395 279 278
3 397 389 280
3 397 280 279
3 389 388 275
3 389 275 280
3 388 391 276
3 388 276 275
3 391 393 277
3 391 277 276
3 403 405 290
3 403 290 289
3 405 407 291
3 405 291 290
3 407 399 292
3 407 292 291
3 399 398 287
3 399 287 292
3 398 401 288
3 398 288 287
3 401 403 289
3 401 289 288
3 413 415 302
3 413 302 301
3 415 417 303
3 415 303 302
3 417 409 304
3 417 304 303
3 409 408 299
3 409 299 304
3 408 411 300
3 408 300 299
3 411 413 301
3 411 301 300
3 423 425 309
3 423 309 308
3 425 427 310
3 425 310 309
3 427 419 311
3 427 311 310
3 419 418 306
3 419 306 311
3 418 421 307
3 418 307 306
3 421 423 308
3 421 308 307
3 433 435 326
3 433 326 325
3 435 437 327
3 435 327 326
3 437 429 328
3 437 328 327
3 429 428 323
3 429 323 328
3 428 431 324
3 428 324 323
3 431 433 325
3 431 325 324
3 353 134 434
3 133 376 436
3 351 321 320
3 329 350 432
3 347 312 316
3 313 346 422
3 349 233 424
3 232 372 426
3 112 368 416
3 345 113 414
3 343 297 296
3 305 342 412
3 339 285 284
3 293 338 402
3 341 94 404
3 93 364 406
3 335 273 272
3 281 334 392
3 337 72 394
3 71 360 396
3 331 261 260
3 269 330 382
3 333 65 384
3 64 356 386
3 355 262 380
3 258 354 259
3 359 274 390
3 270 358 271
3 363 286 400
3 282 362 283
3 367 298 410
3 294 366 295
3 371 317 420
3 314 370 315
3 375 322 430
3 318 374 319
3 135 134 353
3 135 353 352
3 133 136 377
3 133 377 376
3 329 321 351
3 329 351 350
3 313 312 347
3 313 347 346
3 230 233 349
3 230 349 348
3 232 231 373
3 232 373 372
3 112 115 369
3 112 369 368
3 114 113 345
3 114 345 344
3 305 297 343
3 305 343 342
3 293 285 339
3 293 339 338
3 95 94 341
3 95 341 340
3 93 96 365
3 93 365 364
3 281 273 335
3 281 335 334
3 73 72 337
3 73 337 336
3 71 74 361
3 71 361 360
3 269 261 331
3 269 331 330
3 66 65 333
3 66 333 332
3 64 67 357
3 64 357 356
3 258 262 355
3 258 355 354
3 270 274 359
3 270 359 358
3 282 286 363
3 282 363 362
3 294 298 367
3 294 367 366
3 314 317 371
3 314 371 370
3 318 322 375
3 318 375 374
3 138 137 438
3 138 438 439
3 137 139 440
3 137 440 438
3 139 124 441
3 139 441 440
3 442 443 444
3 442 444 445
3 125 126 446
3 125 446 447
3 128 127 448
3 128 448 449
3 127 129 450
3 127 450 448
3 129 130 451
3 129 451 450
3 130 131 452
3 130 452 451
3 131 132 453
3 131 453 452
3 132 138 439
3 132 439 453
3 451 454 455
3 451 455 456
3 451 456 457
3 451 457 458
3 452 453 459
3 452 459 460
3 452 460 461
3 453 439 462
3 453 462 459
3 439 438 463
3 439 463 462
3 438 440 464
3 438 464 463
3 440 441 465
3 440 465 464
3 447 446 466
3 447 466 467
3 468 449 448
3 468 448 450
3 468 450 469
3 468 469 470
3 468 470 471
3 458 469 450
3 458 450 451
3 472 473 474
3 472 474 475
3 472 475 476
3 472 476 477
3 472 477 478
3 479 480 472
3 479 472 478
3 479 478 477
3 479 477 481
3 482 483 480
3 482 480 484
3 485 486 487
3 485 487 460
3 485 460 459
3 485 459 488
3 459 462 489
3 459 489 488
3 462 463 490
3 462 490 489
3 463 464 491
3 463 491 490
3 464 465 492
3 464 492 491
3 467 466 493
3 467 493 494
3 454 451 452
3 454 452 461
3 495 476 475
3 495 475 496
3 497 481 477
3 497 477 498
3 497 498 499
3 497 499 500
3 455 461 460
3 455 454 461
3 501 485 483
3 455 502 503
3 455 503 504
3 502 455 505
3 502 505 506
3 455 460 487
3 455 487 505
3 506 505 507
3 506 507 482
3 505 487 486
3 505 486 507
3 482 507 501
3 482 501 483
3 507 486 485
3 507 485 501
3 457 508 509
3 457 509 470
3 510 500 499
3 510 499 511
3 471 512 513
3 471 513 468
3 514 495 496
3 514 496 513
3 456 504 510
3 456 510 508
3 509 511 514
3 509 514 512
3 479 484 480
3 509 508 510
3 509 510 511
3 511 499 495
3 511 495 514
3 513 512 514
3 512 471 470
3 512 470 509
3 469 458 457
3 469 457 470
3 508 457 456
3 456 455 504
3 504 503 500
3 504 500 510
3 515 497 500
3 515 500 503
3 516 481 497
3 516 497 515
3 484 479 481
3 484 481 516
3 482 516 515
3 482 515 506
3 506 515 503
3 506 503 502
3 482 484 516
3 476 495 499
3 476 499 498
3 476 498 477
3 517 518 519
3 517 519 492
3 474 473 520
3 474 520 521
3 473 472 522
3 473 522 520
3 472 480 523
3 472 523 522
3 480 483 524
3 480 524 523
3 483 485 525
3 483 525 524
3 485 488 526
3 485 526 525
3 488 489 527
3 488 527 526
3 489 490 528
3 489 528 527
3 490 491 519
3 490 519 528
3 491 492 519
3 528 519 529
3 528 529 530
3 519 518 531
3 519 531 529
3 518 532 533
3 518 533 531
3 532 534 535
3 532 535 533
3 534 536 537
3 534 537 535
3 521 520 538
3 521 538 539
3 520 522 540
3 520 540 538
3 522 523 541
3 522 541 540
3 523 524 542
3 523 542 541
3 524 525 543
3 524 543 542
3 525 526 544
3 525 544 543
3 526 527 545
3 526 545 544
3 527 528 530
3 527 530 545
3 546 547 548
3 546 548 549
3 546 549 550
3 546 550 551
3 492 465 552
3 492 552 553
3 465 441 554
3 465 554 552
3 441 124 555
3 441 555 554
3 124 123 556
3 124 556 555
3 123 125 557
3 123 557 556
3 125 447 558
3 125 558 557
3 447 467 559
3 447 559 558
3 467 494 560
3 467 560 559
3 494 517 492
3 494 492 553
3 494 553 560
3 554 555 561
3 554 561 562
3 555 556 563
3 555 563 561
3 556 557 564
3 556 564 563
3 557 558 565
3 557 565 564
3 558 559 566
3 558 566 565
3 559 560 567
3 559 567 566
3 560 553 568
3 560 568 567
3 553 552 569
3 553 569 568
3 552 554 562
3 552 562 569
3 567 568 445
3 567 445 444
3 568 569 442
3 568 442 445
3 569 562 570
3 569 570 442
3 562 561 571
3 562 571 570
3 561 563 572
3 561 572 571
3 563 564 573
3 563 573 572
3 564 565 574
3 564 574 573
3 565 566 443
3 565 443 574
3 566 567 444
3 566 444 443
3 532 518 575
3 532 575 576
3 518 517 577
3 518 577 575
3 517 494 577
3 536 534 578
3 536 578 579
3 534 532 576
3 534 576 578
3 580 577 494
3 580 494 493
3 579 578 550
3 579 550 549
3 578 576 551
3 578 551 550
3 576 575 546
3 576 546 551
3 575 577 547
3 575 547 546
3 577 580 548
3 577 548 547
3 574 570 571
3 574 571 572
3 574 572 573
3 443 442 570
3 443 570 574
3 543 544 581
3 543 581 582
3 544 545 583
3 544 583 581
3 545 530 584
3 545 584 583
3 530 529 585
3 530 585 584
3 529 531 586
3 529 586 585
3 531 533 587
3 531 587 586
3 533 535 588
3 533 588 587
3 535 537 589
3 535 589 588
3 539 538 590
3 539 590 591
3 538 540 592
3 538 592 590
3 540 541 593
3 540 593 592
3 541 542 594
3 541 594 593
3 542 543 582
3 542 582 594
3 592 593 595
3 592 595 596
3 593 594 597
3 593 597 595
3 594 582 598
3 594 598 597
3 582 581 599
3 582 599 598
3 581 583 600
3 581 600 599
3 583 584 601
3 583 601 600
3 584 585 602
3 584 602 601
3 585 586 603
3 585 603 602
3 586 587 604
3 586 604 603
3 587 588 605
3 587 605 604
3 588 589 606
3 588 606 605
3 591 590 607
3 591 607 608
3 590 592 596
3 590 596 607
3 608 607 609
3 608 609 610
3 607 596 611
3 607 611 609
3 596 595 612
3 596 612 611
3 595 597 613
3 595 613 612
3 597 598 614
3 597 614 613
3 598 599 615
3 598 615 614
3 599 600 616
3 599 616 615
3 600 601 617
3 600 617 616
3 601 602 618
3 601 618 617
3 602 603 619
3 602 619 618
3 603 604 620
3 603 620 619
3 604 605 621
3 604 621 620
3 605 606 622
3 605 622 621
3 619 620 623
3 619 623 624
3 620 621 625
3 620 625 623
3 621 622 626
3 621 626 625
3 610 609 627
3 610 627 628
3 609 611 629
3 609 629 627
3 611 612 630
3 611 630 629
3 612 613 631
3 612 631 630
3 613 614 632
3 613 632 631
3 614 615 633
3 614 633 632
3 615 616 634
3 615 634 633
3 616 617 635
3 616 635 634
3 617 618 636
3 617 636 635
3 618 619 624
3 618 624 636
3 634 635 637
3 634 637 638
3 635 636 639
3 635 639 637
3 636 624 640
3 636 640 639
3 624 623 641
3 624 641 640
3 623 625 642
3 623 642 641
3 625 626 643
3 625 643 642
3 628 627 644
3 628 644 645
3 627 646 644
3 629 630 647
3 629 647 646
3 630 631 648
3 630 648 647
3 631 632 649
3 631 649 648
3 632 633 650
3 632 650 649
3 651 652 653
3 651 653 654
3 648 649 655
3 648 655 656
3 649 650 657
3 649 657 655
3 650 638 658
3 650 658 657
3 638 637 659
3 638 659 658
3 637 639 660
3 637 660 659
3 639 640 661
3 639 661 660
3 640 641 662
3 640 662 661
3 641 642 663
3 641 663 662
3 642 643 664
3 642 664 663
3 645 644 665
3 645 665 666
3 644 646 667
3 644 667 665
3 646 647 668
3 646 668 667
3 647 648 656
3 647 656 668
3 650 633 669
3 650 669 670
3 633 634 671
3 633 671 669
3 634 638 672
3 634 672 671
3 638 650 670
3 638 670 672
3 671 672 652
3 671 652 651
3 672 670 653
3 672 653 652
3 670 669 654
3 670 654 653
3 669 671 651
3 669 651 654
3 673 674 675
3 673 675 676
3 677 6 5
3 677 5 678
3 11 679 680
3 11 680 8
3 19 18 681
3 19 681 682
3 19 682 683
3 19 683 684
3 19 684 685
3 19 685 686
3 687 688 689
3 687 689 690
3 691 692 693
3 691 693 694
3 695 696 697
3 695 697 698
3 698 697 677
3 698 677 678
3 696 695 690
3 696 690 689
3 688 687 699
3 688 699 700
3 701 702 703
3 701 703 704
3 702 701 694
3 702 694 693
3 704 703 680
3 704 680 679
3 705 38 8
3 705 8 680
3 41 706 678
3 41 678 5
3 706 707 698
3 706 698 678
3 707 708 695
3 707 695 698
3 708 709 690
3 708 690 695
3 709 710 687
3 709 687 690
3 710 711 712
3 710 712 699
3 710 699 687
3 712 711 713
3 712 713 676
3 712 676 675
3 714 715 693
3 714 693 692
3 715 716 702
3 715 702 693
3 716 717 703
3 716 703 702
3 717 705 680
3 717 680 703
3 718 719 716
3 718 716 715
3 719 720 717
3 719 717 716
3 720 721 705
3 720 705 717
3 721 57 38
3 721 38 705
3 59 722 706
3 59 706 41
3 722 723 707
3 722 707 706
3 723 724 708
3 723 708 707
3 724 725 709
3 724 709 708
3 725 726 710
3 725 710 709
3 727 728 729
3 727 729 730
3 731 732 713
3 731 713 711
3 733 718 715
3 733 715 714
3 734 735 736
3 734 736 737
3 738 739 740
3 738 740 732
3 738 732 731
3 740 739 741
3 740 741 718
3 740 718 733
3 741 742 719
3 741 719 718
3 742 743 720
3 742 720 719
3 743 744 721
3 743 721 720
3 744 82 57
3 744 57 721
3 84 745 722
3 84 722 59
3 745 746 723
3 745 723 722
3 746 747 724
3 746 724 723
3 747 748 725
3 747 725 724
3 748 749 726
3 748 726 725
3 750 751 747
3 750 747 746
3 751 752 748
3 751 748 747
3 752 753 749
3 752 749 748
3 754 755 756
3 754 756 757
3 758 759 739
3 758 739 738
3 759 760 741
3 759 741 739
3 760 761 742
3 760 742 741
3 761 762 743
3 761 743 742
3 762 763 744
3 762 744 743
3 763 103 82
3 763 82 744
3 105 764 745
3 105 745 84
3 764 750 746
3 764 746 745
3 107 765 764
3 107 764 105
3 765 766 750
3 765 750 764
3 766 767 751
3 766 751 750
3 767 768 752
3 767 752 751
3 768 769 753
3 768 753 752
3 770 771 772
3 770 772 773
3 774 775 759
3 774 759 758
3 775 776 760
3 775 760 759
3 776 777 761
3 776 761 760
3 777 778 762
3 777 762 761
3 778 779 763
3 778 763 762
3 779 122 103
3 779 103 763
3 780 781 778
3 780 778 777
3 781 782 779
3 781 779 778
3 782 126 122
3 782 122 779
3 128 783 765
3 128 765 107
3 783 784 766
3 783 766 765
3 784 785 767
3 784 767 766
3 785 786 768
3 785 768 767
3 786 787 769
3 786 769 768
3 788 789 790
3 788 790 791
3 792 793 775
3 792 775 774
3 793 794 776
3 793 776 775
3 794 780 777
3 794 777 776
3 740 733 732
3 692 691 673
3 692 673 676
3 714 692 676
3 714 676 713
3 733 714 713
3 733 713 732
3 712 675 699
3 700 699 675
3 700 675 674
3 143 795 796
3 143 796 140
3 797 796 795
3 797 795 798
3 799 797 798
3 799 798 800
3 801 799 800
3 801 800 802
3 803 801 802
3 803 802 804
3 805 803 804
3 805 804 806
3 807 805 806
3 807 806 808
3 808 809 810
3 808 810 807
3 811 810 809
3 811 809 812
3 813 811 812
3 813 812 814
3 815 813 814
3 815 814 816
3 817 815 816
3 817 816 818
3 819 817 818
3 819 818 820
3 820 169 168
3 820 168 819
3 795 143 6
3 795 6 677
3 798 795 677
3 798 677 697
3 800 798 697
3 800 697 696
3 802 800 696
3 802 696 689
3 804 802 689
3 804 689 688
3 806 804 688
3 806 688 700
3 808 806 700
3 808 700 674
3 809 808 674
3 809 674 673
3 812 809 673
3 812 673 691
3 814 812 691
3 814 691 694
3 816 814 694
3 816 694 701
3 818 816 701
3 818 701 704
3 820 818 704
3 820 704 679
3 169 820 679
3 169 679 11
3 810 811 821
3 810 821 822
3 807 810 822
3 807 822 823
3 805 807 823
3 805 823 824
3 803 805 824
3 803 824 825
3 825 826 827
3 825 827 801
3 825 801 803
3 827 828 799
3 827 799 801
3 828 829 797
3 828 797 799
3 829 830 796
3 829 796 797
3 830 180 140
3 830 140 796
3 831 819 168
3 831 168 181
3 831 832 817
3 831 817 819
3 832 833 815
3 832 815 817
3 833 834 835
3 833 835 813
3 833 813 815
3 811 813 835
3 811 835 821
3 836 837 188
3 836 188 180
3 836 180 830
3 836 830 829
3 836 829 828
3 836 828 827
3 836 827 826
3 836 826 838
3 839 837 840
3 839 840 841
3 840 822 841
3 822 842 841
3 842 843 839
3 842 839 841
3 835 834 844
3 826 825 845
3 199 198 839
3 199 839 843
3 198 188 837
3 198 837 839
3 821 846 842
3 821 842 822
3 846 847 843
3 846 843 842
3 835 844 846
3 835 846 821
3 844 834 847
3 844 847 846
3 822 840 848
3 822 848 823
3 840 837 836
3 840 836 848
3 823 848 849
3 823 849 824
3 848 836 838
3 848 838 849
3 824 849 845
3 824 845 825
3 849 838 826
3 849 826 845
3 684 683 834
3 684 834 833
3 683 682 847
3 683 847 834
3 682 681 843
3 682 843 847
3 681 18 199
3 681 199 843
3 19 686 831
3 19 831 181
3 686 685 832
3 686 832 831
3 685 684 833
3 685 833 832
3 850 851 710
3 850 710 726
3 851 852 711
3 851 711 710
3 852 853 731
3 852 731 711
3 853 854 738
3 853 738 731
3 854 855 758
3 854 758 738
3 855 856 774
3 855 774 758
3 856 857 792
3 856 792 774
3 857 858 787
3 857 787 792
3 858 859 769
3 858 769 787
3 859 860 753
3 859 753 769
3 860 861 749
3 860 749 753
3 861 850 726
3 861 726 749
3 862 863 851
3 862 851 850
3 864 862 850
3 864 850 861
3 865 864 861
3 865 861 860
3 866 865 860
3 866 860 859
3 867 868 866
3 867 866 859
3 867 859 858
3 869 870 871
3 869 871 857
3 869 857 856
3 872 869 856
3 872 856 855
3 873 872 855
3 873 855 854
3 874 873 854
3 874 854 853
3 875 874 853
3 875 853 852
3 863 875 852
3 863 852 851
3 871 867 858
3 871 858 857
3 876 877 878
3 876 878 879
3 880 881 863
3 880 863 862
3 881 882 875
3 881 875 863
3 882 883 874
3 882 874 875
3 883 880 862
3 883 862 874
3 884 885 862
3 884 862 864
3 885 886 874
3 885 874 862
3 886 887 873
3 886 873 874
3 887 884 864
3 887 864 873
3 888 889 864
3 888 864 865
3 889 890 873
3 889 873 864
3 890 891 872
3 890 872 873
3 891 888 865
3 891 865 872
3 892 893 865
3 892 865 866
3 893 894 872
3 893 872 865
3 894 895 869
3 894 869 872
3 895 892 866
3 895 866 869
3 896 897 870
3 896 870 869
3 897 898 868
3 897 868 870
3 898 899 866
3 898 866 868
3 899 896 869
3 899 869 866
3 900 901 868
3 900 868 867
3 901 902 870
3 901 870 868
3 902 903 871
3 902 871 870
3 903 900 867
3 903 867 871
3 904 905 906
3 904 906 907
3 904 907 882
3 904 882 881
3 907 908 883
3 907 883 882
3 909 910 911
3 909 911 912
3 909 912 913
3 909 913 914
3 915 904 881
3 915 881 880
3 916 917 918
3 916 918 919
3 916 919 886
3 916 886 885
3 919 920 887
3 919 887 886
3 921 922 923
3 921 923 924
3 921 924 925
3 921 925 926
3 927 916 885
3 927 885 884
3 928 929 930
3 928 930 931
3 928 931 890
3 928 890 889
3 931 932 891
3 931 891 890
3 933 934 935
3 933 935 936
3 933 936 937
3 933 937 938
3 939 928 889
3 939 889 888
3 940 941 942
3 940 942 943
3 940 943 894
3 940 894 893
3 943 944 895
3 943 895 894
3 945 946 947
3 945 947 948
3 945 948 949
3 945 949 950
3 951 940 893
3 951 893 892
3 952 953 954
3 952 954 955
3 952 955 956
3 952 956 957
3 958 959 899
3 958 899 898
3 959 960 961
3 959 961 962
3 959 962 896
3 959 896 899
3 962 963 897
3 962 897 896
3 964 965 966
3 964 966 967
3 964 967 902
3 964 902 901
3 967 968 903
3 967 903 902
3 969 970 971
3 969 971 972
3 969 972 973
3 969 973 974
3 975 964 901
3 975 901 900
3 976 977 978
3 976 978 979
3 980 981 982
3 980 982 983
3 984 985 986
3 984 986 987
3 988 989 990
3 988 990 991
3 992 993 994
3 992 994 995
3 996 997 998
3 996 998 999
3 1000 1001 1002
3 1000 1002 1003
3 1004 1005 1006
3 1004 1006 1007
3 1008 1009 1010
3 1008 1010 1011
3 1012 1013 1014
3 1012 1014 1015
3 1016 1017 1018
3 1016 1018 1019
3 1020 1021 1022
3 1020 1022 1023
3 978 977 728
3 978 728 727
3 978 727 1000
3 978 1000 1003
3 978 1003 906
3 978 906 905
3 982 981 735
3 982 735 734
3 982 734 1004
3 982 1004 1007
3 982 1007 918
3 982 918 917
3 986 985 755
3 986 755 754
3 986 754 1008
3 986 1008 1011
3 986 1011 930
3 986 930 929
3 990 989 771
3 990 771 770
3 990 770 1012
3 990 1012 1015
3 990 1015 942
3 990 942 941
3 994 993 879
3 994 879 878
3 994 878 1016
3 994 1016 1019
3 994 1019 961
3 994 961 960
3 998 997 789
3 998 789 788
3 998 788 1020
3 998 1020 1023
3 998 1023 966
3 998 966 965
3 1024 1025 1026
3 1024 1026 883
3 1024 883 908
3 1026 1027 880
3 1026 880 883
3 1027 1028 1029
3 1027 1029 915
3 1027 915 880
3 1029 1028 1030
3 1029 1030 1031
3 1029 1031 976
3 1029 976 979
3 1031 1030 1032
3 1031 1032 1033
3 1031 1033 730
3 1031 730 729
3 1033 1032 1025
3 1033 1025 1024
3 1033 1024 1002
3 1033 1002 1001
3 1034 1035 1036
3 1034 1036 887
3 1034 887 920
3 1036 1037 884
3 1036 884 887
3 1037 1038 1039
3 1037 1039 927
3 1037 927 884
3 1039 1038 1040
3 1039 1040 1041
3 1039 1041 980
3 1039 980 983
3 1041 1040 1042
3 1041 1042 1043
3 1041 1043 737
3 1041 737 736
3 1043 1042 1035
3 1043 1035 1034
3 1043 1034 1006
3 1043 1006 1005
3 1044 1045 1046
3 1044 1046 891
3 1044 891 932
3 1046 1047 888
3 1046 888 891
3 1047 1048 1049
3 1047 1049 939
3 1047 939 888
3 1049 1048 1050
3 1049 1050 1051
3 1049 1051 984
3 1049 984 987
3 1051 1050 1052
3 1051 1052 1053
3 1051 1053 757
3 1051 757 756
3 1053 1052 1045
3 1053 1045 1044
3 1053 1044 1010
3 1053 1010 1009
3 1054 1055 1056
3 1054 1056 895
3 1054 895 944
3 1056 1057 892
3 1056 892 895
3 1057 1058 1059
3 1057 1059 951
3 1057 951 892
3 1059 1058 1060
3 1059 1060 1061
3 1059 1061 988
3 1059 988 991
3 1061 1060 1062
3 1061 1062 1063
3 1061 1063 773
3 1061 773 772
3 1063 1062 1055
3 1063 1055 1054
3 1063 1054 1014
3 1063 1014 1013
3 1064 1065 1066
3 1064 1066 897
3 1064 897 963
3 1066 1067 898
3 1066 898 897
3 1067 1068 1069
3 1067 1069 958
3 1067 958 898
3 1069 1068 1070
3 1069 1070 1071
3 1069 1071 992
3 1069 992 995
3 1071 1070 1072
3 1071 1072 1073
3 1071 1073 877
3 1071 877 876
3 1073 1072 1065
3 1073 1065 1064
3 1073 1064 1018
3 1073 1018 1017
3 1074 1075 1076
3 1074 1076 903
3 1074 903 968
3 1076 1077 900
3 1076 900 903
3 1077 1078 1079
3 1077 1079 975
3 1077 975 900
3 1079 1078 1080
3 1079 1080 1081
3 1079 1081 996
3 1079 996 999
3 1081 1080 1082
3 1081 1082 1083
3 1081 1083 791
3 1081 791 790
3 1083 1082 1075
3 1083 1075 1074
3 1083 1074 1022
3 1083 1022 1021
3 912 911 1030
3 912 1030 1028
3 911 910 1032
3 911 1032 1030
3 910 909 1025
3 910 1025 1032
3 909 914 1026
3 909 1026 1025
3 914 913 1027
3 914 1027 1026
3 913 912 1028
3 913 1028 1027
3 924 923 1040
3 924 1040 1038
3 923 922 1042
3 923 1042 1040
3 922 921 1035
3 922 1035 1042
3 921 926 1036
3 921 1036 1035
3 926 925 1037
3 926 1037 1036
3 925 924 1038
3 925 1038 1037
3 936 935 1050
3 936 1050 1048
3 935 934 1052
3 935 1052 1050
3 934 933 1045
3 934 1045 1052
3 933 938 1046
3 933 1046 1045
3 938 937 1047
3 938 1047 1046
3 937 936 1048
3 937 1048 1047
3 948 947 1060
3 948 1060 1058
3 947 946 1062
3 947 1062 1060
3 946 945 1055
3 946 1055 1062
3 945 950 1056
3 945 1056 1055
3 950 949 1057
3 950 1057 1056
3 949 948 1058
3 949 1058 1057
3 955 954 1070
3 955 1070 1068
3 954 953 1072
3 954 1072 1070
3 953 952 1065
3 953 1065 1072
3 952 957 1066
3 952 1066 1065
3 957 956 1067
3 957 1067 1066
3 956 955 1068
3 956 1068 1067
3 972 971 1080
3 972 1080 1078
3 971 970 1082
3 971 1082 1080
3 970 969 1075
3 970 1075 1082
3 969 974 1076
3 969 1076 1075
3 974 973 1077
3 974 1077 1076
3 973 972 1078
3 973 1078 1077
3 1081 790 996
3 1083 1021 791
3 965 964 998
3 1079 999 975
3 960 959 994
3 1069 995 958
3 1071 876 992
3 1073 1017 877
3 1063 1013 773
3 1061 772 988
3 941 940 990
3 1059 991 951
3 929 928 986
3 1049 987 939
3 1051 756 984
3 1053 1009 757
3 917 916 982
3 1039 983 927
3 1041 736 980
3 1043 1005 737
3 905 904 978
3 1029 979 915
3 1031 729 976
3 1033 1001 730
3 1024 908 1002
3 906 1003 907
3 1034 920 1006
3 918 1007 919
3 1044 932 1010
3 930 1011 931
3 1054 944 1014
3 942 1015 943
3 1064 963 1018
3 961 1019 962
3 1074 968 1022
3 966 1023 967
3 997 996 790
3 997 790 789
3 1021 1020 788
3 1021 788 791
3 999 998 964
3 999 964 975
3 995 994 959
3 995 959 958
3 993 992 876
3 993 876 879
3 1017 1016 878
3 1017 878 877
3 1013 1012 770
3 1013 770 773
3 989 988 772
3 989 772 771
3 991 990 940
3 991 940 951
3 987 986 928
3 987 928 939
3 985 984 756
3 985 756 755
3 1009 1008 754
3 1009 754 757
3 983 982 916
3 983 916 927
3 981 980 736
3 981 736 735
3 1005 1004 734
3 1005 734 737
3 979 978 904
3 979 904 915
3 977 976 729
3 977 729 728
3 1001 1000 727
3 1001 727 730
3 1003 1002 908
3 1003 908 907
3 1007 1006 920
3 1007 920 919
3 1011 1010 932
3 1011 932 931
3 1015 1014 944
3 1015 944 943
3 1019 1018 963
3 1019 963 962
3 1023 1022 968
3 1023 968 967
3 1084 1085 793
3 1084 793 792
3 1085 1086 794
3 1085 794 793
3 1086 1087 780
3 1086 780 794
3 1088 1089 1090
3 1088 1090 1091
3 1092 446 126
3 1092 126 782
3 449 1093 783
3 449 783 128
3 1093 1094 784
3 1093 784 783
3 1094 1095 785
3 1094 785 784
3 1095 1096 786
3 1095 786 785
3 1096 1097 787
3 1096 787 786
3 1097 1084 792
3 1097 792 787
3 1098 1099 1100
3 1098 1100 1101
3 1098 1101 1102
3 1098 1102 1095
3 1103 1104 1105
3 1103 1105 1097
3 1103 1097 1096
3 1105 1106 1084
3 1105 1084 1097
3 1106 1107 1085
3 1106 1085 1084
3 1107 1108 1086
3 1107 1086 1085
3 1108 1109 1087
3 1108 1087 1086
3 1110 466 446
3 1110 446 1092
3 1111 1112 1113
3 1111 1113 1094
3 1111 1094 1093
3 1111 1093 449
3 1111 449 468
3 1095 1094 1113
3 1095 1113 1098
3 1114 1115 1116
3 1114 1116 475
3 1114 475 474
3 1114 474 1117
3 1114 1117 1118
3 1119 1115 1114
3 1119 1114 1118
3 1119 1118 1120
3 1119 1120 1121
3 1122 1120 1123
3 1122 1123 1124
3 1125 1105 1104
3 1125 1104 1126
3 1125 1126 1127
3 1125 1127 1128
3 1125 1129 1106
3 1125 1106 1105
3 1129 1130 1107
3 1129 1107 1106
3 1130 1131 1108
3 1130 1108 1107
3 1131 1132 1109
3 1131 1109 1108
3 1133 493 466
3 1133 466 1110
3 1103 1096 1095
3 1103 1095 1102
3 496 475 1116
3 496 1116 1134
3 1135 1136 1137
3 1135 1137 1115
3 1135 1115 1119
3 1135 1119 1138
3 1104 1103 1101
3 1103 1102 1101
3 1123 1128 1139
3 1140 1141 1142
3 1140 1142 1101
3 1143 1144 1101
3 1143 1101 1142
3 1144 1126 1104
3 1144 1104 1101
3 1124 1145 1144
3 1124 1144 1143
3 1145 1127 1126
3 1145 1126 1144
3 1123 1139 1145
3 1123 1145 1124
3 1139 1128 1127
3 1139 1127 1145
3 1112 1146 1147
3 1112 1147 1099
3 1148 1136 1135
3 1148 1135 1149
3 468 513 1150
3 468 1150 1111
3 513 496 1134
3 513 1134 1151
3 1147 1149 1140
3 1147 1140 1100
3 1150 1151 1148
3 1150 1148 1146
3 1120 1122 1121
3 1148 1149 1147
3 1148 1147 1146
3 1151 1134 1136
3 1151 1136 1148
3 1151 1150 513
3 1146 1112 1111
3 1146 1111 1150
3 1112 1099 1098
3 1112 1098 1113
3 1100 1099 1147
3 1140 1101 1100
3 1149 1135 1141
3 1149 1141 1140
3 1141 1135 1138
3 1141 1138 1152
3 1152 1138 1119
3 1152 1119 1153
3 1153 1119 1121
3 1153 1121 1122
3 1143 1152 1153
3 1143 1153 1124
3 1142 1141 1152
3 1142 1152 1143
3 1153 1122 1124
3 1115 1137 1136
3 1115 1136 1134
3 1115 1134 1116
3 1132 1154 1155
3 1132 1155 1156
3 521 1157 1117
3 521 1117 474
3 1157 1158 1118
3 1157 1118 1117
3 1158 1159 1120
3 1158 1120 1118
3 1159 1160 1123
3 1159 1123 1120
3 1160 1161 1128
3 1160 1128 1123
3 1161 1162 1125
3 1161 1125 1128
3 1162 1163 1129
3 1162 1129 1125
3 1163 1164 1130
3 1163 1130 1129
3 1164 1154 1131
3 1164 1131 1130
3 1154 1132 1131
3 1165 1166 1154
3 1165 1154 1164
3 1166 1167 1155
3 1166 1155 1154
3 1167 1168 1169
3 1167 1169 1155
3 1168 1170 1171
3 1168 1171 1169
3 1170 537 536
3 1170 536 1171
3 539 1172 1157
3 539 1157 521
3 1172 1173 1158
3 1172 1158 1157
3 1173 1174 1159
3 1173 1159 1158
3 1174 1175 1160
3 1174 1160 1159
3 1175 1176 1161
3 1175 1161 1160
3 1176 1177 1162
3 1176 1162 1161
3 1177 1178 1163
3 1177 1163 1162
3 1178 1165 1164
3 1178 1164 1163
3 1179 1180 549
3 1179 549 548
3 1179 548 1181
3 1179 1181 1182
3 1183 1184 1109
3 1183 1109 1132
3 1184 1185 1087
3 1184 1087 1109
3 1185 1186 780
3 1185 780 1087
3 1186 1187 781
3 1186 781 780
3 1187 1188 782
3 1187 782 781
3 1188 1189 1092
3 1188 1092 782
3 1189 1190 1110
3 1189 1110 1092
3 1190 1191 1133
3 1190 1133 1110
3 1191 1183 1132
3 1191 1132 1156
3 1191 1156 1133
3 1192 1193 1186
3 1192 1186 1185
3 1193 1194 1187
3 1193 1187 1186
3 1194 1195 1188
3 1194 1188 1187
3 1195 1196 1189
3 1195 1189 1188
3 1196 1197 1190
3 1196 1190 1189
3 1197 1198 1191
3 1197 1191 1190
3 1198 1199 1183
3 1198 1183 1191
3 1199 1200 1184
3 1199 1184 1183
3 1200 1192 1185
3 1200 1185 1184
3 1089 1088 1199
3 1089 1199 1198
3 1088 1091 1200
3 1088 1200 1199
3 1091 1201 1192
3 1091 1192 1200
3 1201 1202 1193
3 1201 1193 1192
3 1202 1203 1194
3 1202 1194 1193
3 1203 1204 1195
3 1203 1195 1194
3 1204 1205 1196
3 1204 1196 1195
3 1205 1090 1197
3 1205 1197 1196
3 1090 1089 1198
3 1090 1198 1197
3 1206 1207 1155
3 1206 1155 1169
3 1207 1208 1156
3 1207 1156 1155
3 1208 1133 1156
3 579 1209 1171
3 579 1171 536
3 1209 1206 1169
3 1209 1169 1171
3 493 1133 1208
3 493 1208 580
3 549 1180 1209
3 549 1209 579
3 1180 1179 1206
3 1180 1206 1209
3 1179 1182 1207
3 1179 1207 1206
3 1182 1181 1208
3 1182 1208 1207
3 1181 548 580
3 1181 580 1208
3 1204 1203 1202
3 1204 1202 1201
3 1204 1201 1205
3 1205 1201 1091
3 1205 1091 1090
3 1210 1211 1177
3 1210 1177 1176
3 1211 1212 1178
3 1211 1178 1177
3 1212 1213 1165
3 1212 1165 1178
3 1213 1214 1166
3 1213 1166 1165
3 1214 1215 1167
3 1214 1167 1166
3 1215 1216 1168
3 1215 1168 1167
3 1216 1217 1170
3 1216 1170 1168
3 1217 589 537
3 1217 537 1170
3 591 1218 1172
3 591 1172 539
3 1218 1219 1173
3 1218 1173 1172
3 1219 1220 1174
3 1219 1174 1173
3 1220 1221 1175
3 1220 1175 1174
3 1221 1210 1176
3 1221 1176 1175
3 1222 1223 1220
3 1222 1220 1219
3 1223 1224 1221
3 1223 1221 1220
3 1224 1225 1210
3 1224 1210 1221
3 1225 1226 1211
3 1225 1211 1210
3 1226 1227 1212
3 1226 1212 1211
3 1227 1228 1213
3 1227 1213 1212
3 1228 1229 1214
3 1228 1214 1213
3 1229 1230 1215
3 1229 1215 1214
3 1230 1231 1216
3 1230 1216 1215
3 1231 1232 1217
3 1231 1217 1216
3 1232 606 589
3 1232 589 1217
3 608 1233 1218
3 608 1218 591
3 1233 1222 1219
3 1233 1219 1218
3 610 1234 1233
3 610 1233 608
3 1234 1235 1222
3 1234 1222 1233
3 1235 1236 1223
3 1235 1223 1222
3 1236 1237 1224
3 1236 1224 1223
3 1237 1238 1225
3 1237 1225 1224
3 1238 1239 1226
3 1238 1226 1225
3 1239 1240 1227
3 1239 1227 1226
3 1240 1241 1228
3 1240 1228 1227
3 1241 1242 1229
3 1241 1229 1228
3 1242 1243 1230
3 1242 1230 1229
3 1243 1244 1231
3 1243 1231 1230
3 1244 1245 1232
3 1244 1232 1231
3 1245 622 606
3 1245 606 1232
3 1246 1247 1244
3 1246 1244 1243
3 1247 1248 1245
3 1247 1245 1244
3 1248 626 622
3 1248 622 1245
3 628 1249 1234
3 628 1234 610
3 1249 1250 1235
3 1249 1235 1234
3 1250 1251 1236
3 1250 1236 1235
3 1251 1252 1237
3 1251 1237 1236
3 1252 1253 1238
3 1252 1238 1237
3 1253 1254 1239
3 1253 1239 1238
3 1254 1255 1240
3 1254 1240 1239
3 1255 1256 1241
3 1255 1241 1240
3 1256 1257 1242
3 1256 1242 1241
3 1257 1246 1243
3 1257 1243 1242
3 1258 1259 1256
3 1258 1256 1255
3 1259 1260 1257
3 1259 1257 1256
3 1260 1261 1246
3 1260 1246 1257
3 1261 1262 1247
3 1261 1247 1246
3 1262 1263 1248
3 1262 1248 1247
3 1263 643 626
3 1263 626 1248
3 645 1264 1249
3 645 1249 628
3 1264 1265 1249
3 1265 1266 1251
3 1265 1251 1250
3 1266 1267 1252
3 1266 1252 1251
3 1267 1268 1253
3 1267 1253 1252
3 1268 1269 1254
3 1268 1254 1253
3 1270 1271 1272
3 1270 1272 1273
3 1274 1275 1268
3 1274 1268 1267
3 1275 1276 1269
3 1275 1269 1268
3 1276 1277 1258
3 1276 1258 1269
3 1277 1278 1259
3 1277 1259 1258
3 1278 1279 1260
3 1278 1260 1259
3 1279 1280 1261
3 1279 1261 1260
3 1280 1281 1262
3 1280 1262 1261
3 1281 1282 1263
3 1281 1263 1262
3 1282 664 643
3 1282 643 1263
3 666 1283 1264
3 666 1264 645
3 1283 1284 1265
3 1283 1265 1264
3 1284 1285 1266
3 1284 1266 1265
3 1285 1274 1267
3 1285 1267 1266
3 1286 1287 1254
3 1286 1254 1269
3 1287 1288 1255
3 1287 1255 1254
3 1288 1289 1258
3 1288 1258 1255
3 1289 1286 1269
3 1289 1269 1258
3 1273 1272 1289
3 1273 1289 1288
3 1272 1271 1286
3 1272 1286 1289
3 1271 1270 1287
3 1271 1287 1286
3 1270 1273 1288
3 1270 1288 1287
3 1290 1291 1292
3 1290 1292 1293
3 1293 1292 1294
3 1293 1294 1295
3 1295 1294 1296
3 1295 1296 1297
3 1297 1296 1298
3 1297 1298 1299
3 1299 1298 1300
3 1299 1300 1301
3 1301 1300 1302
3 1301 1302 1303
3 1303 1302 1304
3 1303 1304 1305
3 1305 1304 1306
3 1305 1306 1307
3 1308 1309 1310
3 1308 1310 1311
3 1312 1313 1309
3 1312 1309 1308
3 1314 1315 1313
3 1314 1313 1312
3 1316 1317 1315
3 1316 1315 1314
3 1318 1319 1317
3 1318 1317 1316
3 1320 1321 1319
3 1320 1319 1318
3 1322 1323 1321
3 1322 1321 1320
3 1324 1325 1323
3 1324 1323 1322
3 1311 1290 1293
3 1311 1293 1308
3 1308 1293 1295
3 1308 1295 1312
3 1312 1295 1297
3 1312 1297 1314
3 1314 1297 1299
3 1314 1299 1316
3 1316 1299 1301
3 1316 1301 1318
3 1318 1301 1303
3 1318 1303 1320
3 1320 1303 1305
3 1320 1305 1322
3 1322 1305 1307
3 1322 1307 1324
3 1325 1306 1304
3 1325 1304 1323
3 1323 1304 1302
3 1323 1302 1321
3 1321 1302 1300
3 1321 1300 1319
3 1319 1300 1298
3 1319 1298 1317
3 1317 1298 1296
3 1317 1296 1315
3 1315 1296 1294
3 1315 1294 1313
3 1313 1294 1292
3 1313 1292 1309
3 1309 1292 1291
3 1309 1291 1310
3 1311 1310 1291
3 1311 1291 1290
3 1307 1306 1325
3 1307 1325 1324
3 1326 1327 1328
3 1326 1328 1329
3 1329 1328 1330
3 1329 1330 1331
3 1331 1330 1332
3 1331 1332 1333
3 1333 1332 1334
3 1333 1334 1335
3 1335 1334 1336
3 1335 1336 1337
3 1337 1336 1338
3 1337 1338 1339
3 1339 1338 1340
3 1339 1340 1341
3 1341 1340 1342
3 1341 1342 1343
3 1344 1345 1346
3 1344 1346 1347
3 1348 1349 1345
3 1348 1345 1344
3 1350 1351 1349
3 1350 1349 1348
3 1352 1353 1351
3 1352 1351 1350
3 1354 1355 1353
3 1354 1353 1352
3 1356 1357 1355
3 1356 1355 1354
3 1358 1359 1357
3 1358 1357 1356
3 1360 1361 1359
3 1360 1359 1358
3 1347 1326 1329
3 1347 1329 1344
3 1344 1329 1331
3 1344 1331 1348
3 1348 1331 1333
3 1348 1333 1350
3 1350 1333 1335
3 1350 1335 1352
3 1352 1335 1337
3 1352 1337 1354
3 1354 1337 1339
3 1354 1339 1356
3 1356 1339 1341
3 1356 1341 1358
3 1358 1341 1343
3 1358 1343 1360
3 1361 1342 1340
3 1361 1340 1359
3 1359 1340 1338
3 1359 1338 1357
3 1357 1338 1336
3 1357 1336 1355
3 1355 1336 1334
3 1355 1334 1353
3 1353 1334 1332
3 1353 1332 1351
3 1351 1332 1330
3 1351 1330 1349
3 1349 1330 1328
3 1349 1328 1345
3 1345 1328 1327
3 1345 1327 1346
3 1347 1346 1327
3 1347 1327 1326
3 1343 1342 1361
3 1343 1361 1360
3 1362 1363 1364
3 1362 1364 1365
3 1365 1364 1366
3 1365 1366 1367
3 1367 1366 1368
3 1367 1368 1369
3 1369 1368 1370
3 1369 1370 1371
3 1371 1370 1372
3 1371 1372 1373
3 1373 1372 1374
3 1373 1374 1375
3 1375 1374 1376
3 1375 1376 1377
3 1377 1376 1378
3 1377 1378 1379
3 1380 1381 1382
3 1380 1382 1383
3 1384 1385 1381
3 1384 1381 1380
3 1386 1387 1385
3 1386 1385 1384
3 1388 1389 1387
3 1388 1387 1386
3 1390 1391 1389
3 1390 1389 1388
3 1392 1393 1391
3 1392 1391 1390
3 1394 1395 1393
3 1394 1393 1392
3 1396 1397 1395
3 1396 1395 1394
3 1383 1362 1365
3 1383 1365 1380
3 1380 1365 1367
3 1380 1367 1384
3 1384 1367 1369
3 1384 1369 1386
3 1386 1369 1371
3 1386 1371 1388
3 1388 1371 1373
3 1388 1373 1390
3 1390 1373 1375
3 1390 1375 1392
3 1392 1375 1377
3 1392 1377 1394
3 1394 1377 1379
3 1394 1379 1396
3 1397 1378 1376
3 1397 1376 1395
3 1395 1376 1374
3 1395 1374 1393
3 1393 1374 1372
3 1393 1372 1391
3 1391 1372 1370
3 1391 1370 1389
3 1389 1370 1368
3 1389 1368 1387
3 1387 1368 1366
3 1387 1366 1385
3 1385 1366 1364
3 1385 1364 1381
3 1381 1364 1363
3 1381 1363 1382
3 1383 1382 1363
3 1383 1363 1362
3 1379 1378 1397
3 1379 1397 1396
3 1398 1399 1400
3 1398 1400 1401
3 1401 1400 1402
3 1401 1402 1403
3 1403 1402 1404
3 1403 1404 1405
3 1405 1404 1406
3 1405 1406 1407
3 1407 1406 1408
3 1407 1408 1409
3 1409 1408 1410
3 1409 1410 1411
3 1411 1410 1412
3 1411 1412 1413
3 1413 1412 1414
3 1413 1414 1415
3 1416 1417 1418
3 1416 1418 1419
3 1420 1421 1417
3 1420 1417 1416
3 1422 1423 1421
3 1422 1421 1420
3 1424 1425 1423
3 1424 1423 1422
3 1426 1427 1425
3 1426 1425 1424
3 1428 1429 1427
3 1428 1427 1426
3 1430 1431 1429
3 1430 1429 1428
3 1432 1433 1431
3 1432 1431 1430
3 1419 1398 1401
3 1419 1401 1416
3 1416 1401 1403
3 1416 1403 1420
3 1420 1403 1405
3 1420 1405 1422
3 1422 1405 1407
3 1422 1407 1424
3 1424 1407 1409
3 1424 1409 1426
3 1426 1409 1411
3 1426 1411 1428
3 1428 1411 1413
3 1428 1413 1430
3 1430 1413 1415
3 1430 1415 1432
3 1433 1414 1412
3 1433 1412 1431
3 1431 1412 1410
3 1431 1410 1429
3 1429 1410 1408
3 1429 1408 1427
3 1427 1408 1406
3 1427 1406 1425
3 1425 1406 1404
3 1425 1404 1423
3 1423 1404 1402
3 1423 1402 1421
3 1421 1402 1400
3 1421 1400 1417
3 1417 1400 1399
3 1417 1399 1418
3 1419 1418 1399
3 1419 1399 1398
3 1415 1414 1433
3 1415 1433 1432
3 1434 1435 1436
3 1436 1435 1437
3 1436 1437 1438
3 1438 1437 1439
3 1438 1439 1440
3 1440 1439 1441
3 1440 1441 1442
3 1442 1441 1443
3 1442 1443 1444
3 1444 1443 1445
3 1444 1445 1446
3 1446 1445 1447
3 1434 1448 1435
3 1435 1448 1449
3 1435 1449 1437
3 1437 1449 1450
3 1437 1450 1439
3 1439 1450 1451
3 1439 1451 1441
3 1441 1451 1452
3 1441 1452 1443
3 1443 1452 1453
3 1443 1453 1445
3 1445 1453 1447
3 1434 1454 1448
3 1448 1454 1455
3 1448 1455 1449
3 1449 1455 1456
3 1449 1456 1450
3 1450 1456 1457
3 1450 1457 1451
3 1451 1457 1458
3 1451 1458 1452
3 1452 1458 1459
3 1452 1459 1453
3 1453 1459 1447
3 1434 1460 1454
3 1454 1460 1461
3 1454 1461 1455
3 1455 1461 1462
3 1455 1462 1456
3 1456 1462 1463
3 1456 1463 1457
3 1457 1463 1464
3 1457 1464 1458
3 1458 1464 1465
3 1458 1465 1459
3 1459 1465 1447
3 1434 1466 1460
3 1460 1466 1467
3 1460 1467 1461
3 1461 1467 1468
3 1461 1468 1462
3 1462 1468 1469
3 1462 1469 1463
3 1463 1469 1470
3 1463 1470 1464
3 1464 1470 1471
3 1464 1471 1465
3 1465 1471 1447
3 1434 1472 1466
3 1466 1472 1473
3 1466 1473 1467
3 1467 1473 1474
3 1467 1474 1468
3 1468 1474 1475
3 1468 1475 1469
3 1469 1475 1476
3 1469 1476 1470
3 1470 1476 1477
3 1470 1477 1471
3 1471 1477 1447
3 1434 1478 1472
3 1472 1478 1479
3 1472 1479 1473
3 1473 1479 1480
3 1473 1480 1474
3 1474 1480 1481
3 1474 1481 1475
3 1475 1481 1482
3 1475 1482 1476
3 1476 1482 1483
3 1476 1483 1477
3 1477 1483 1447
3 1434 1484 1478
3 1478 1484 1485
3 1478 1485 1479
3 1479 1485 1486
3 1479 1486 1480
3 1480 1486 1487
3 1480 1487 1481
3 1481 1487 1488
3 1481 1488 1482
3 1482 1488 1489
3 1482 1489 1483
3 1483 1489 1447
3 1434 1490 1484
3 1484 1490 1491
3 1484 1491 1485
3 1485 1491 1492
3 1485 1492 1486
3 1486 1492 1493
3 1486 1493 1487
3 1487 1493 1494
3 1487 1494 1488
3 1488 1494 1495
3 1488 1495 1489
3 1489 1495 1447
3 1434 1496 1490
3 1490 1496 1497
3 1490 1497 1491
3 1491 1497 1498
3 1491 1498 1492
3 1492 1498 1499
3 1492 1499 1493
3 1493 1499 1500
3 1493 1500 1494
3 1494 1500 1501
3 1494 1501 1495
3 1495 1501 1447
3 1434 1502 1496
3 1496 1502 1503
3 1496 1503 1497
3 1497 1503 1504
3 1497 1504 1498
3 1498 1504 1505
3 1498 1505 1499
3 1499 1505 1506
3 1499 1506 1500
3 1500 1506 1507
3 1500 1507 1501
3 1501 1507 1447
3 1434 1436 1502
3 1502 1436 1438
3 1502 1438 1503
3 1503 1438 1440
3 1503 1440 1504
3 1504 1440 1442
3 1504 1442 1505
3 1505 1442 1444
3 1505 1444 1506
3 1506 1444 1446
3 1506 1446 1507
3 1507 1446 1447
3 1265 1250 1249
3 627 629 646
3 665 667 1284
3 665 1284 666
3 666 1284 1283
3 667 668 1285
3 667 1285 1284
3 668 656 1274
3 668 1274 1285
3 656 655 1275
3 656 1275 1274
3 655 657 1276
3 655 1276 1275
3 657 658 1277
3 657 1277 1276
3 658 659 1278
3 658 1278 1277
3 659 660 1279
3 659 1279 1278
3 660 661 1280
3 660 1280 1279
3 661 662 1281
3 661 1281 1280
3 662 663 664
3 1281 664 1282
3 662 664 1281
